id = 181
editor = MH


### Experiment

collaboration = CLAS
process = ep2epgamma
exptype = fixed target
year = 2022
reference = arxiv.org/pdf/2211.11274
inspiretex = CLAS:2022syx
reference2 = bin averages by M.H.

### Scattering Process

frame = Trento

in1particle = em
in1energy = 10.6
in1energyunit = GeV
in1polarizationvector = L
in1polarization = +1

in2particle = p

out1particle = em
out2particle = p
out3particle = gamma


### Observable 
# A_{LU}


y1name = ALU
y1namelong = Beam Spin Asymmetry
y1unit = 1
y1value = column5
y1errorstatistic = column6 
y1errorsystematic = column7 
# only statistical error is given to us so syst error is 0

### x-axes

x1name = xB
x1unit = 1
x1value = column2

x2name = Q2
x2unit = GeV^2
x2value = column1

x3name = tm
x3unit = GeV^2
x3value = column3

x4name = phi
x4unit = rad
x4value = column4

### Data
#
#  CLAS 2022 ALU
#                                                error
#   Q2     xB     -t      phi       ALU       stat     syst
#################################################################
1.17006 0.09397 0.15512 0.0956332 -0.00401505 0.0153526 0
1.17006 0.09397 0.15512 0.285004 0.063576 0.0164779 0
1.17006 0.09397 0.15512 0.470248 0.0983536 0.0173404 0
1.17006 0.09397 0.15512 0.657727 0.145918 0.0168122 0
1.17006 0.09397 0.15512 0.846992 0.165289 0.0183801 0
1.17006 0.09397 0.15512 1.02486 0.226742 0.0220662 0
1.17006 0.09397 0.15512 1.2117 0.170445 0.0358811 0
1.17006 0.09397 0.15512 1.39714 0.201054 0.0512921 0
1.17006 0.09397 0.15512 1.63923 0.196896 0.0689447 0
1.17006 0.09397 0.15512 1.85155 0.19516 0.0806462 0
1.17006 0.09397 0.15512 2.05259 0.22057 0.058886 0
1.17006 0.09397 0.15512 2.23179 0.102624 0.0593524 0
1.17006 0.09397 0.15512 2.42405 0.153486 0.0460841 0
1.17006 0.09397 0.15512 2.60851 0.197954 0.0476778 0
1.17006 0.09397 0.15512 2.79357 0.0944589 0.0478898 0
1.17006 0.09397 0.15512 2.97903 -0.000287466 0.0581132 0
1.17006 0.09397 0.15512 3.16555 0.051989 0.064546 0
1.17006 0.09397 0.15512 3.36159 -0.093807 0.0695206 0
1.17006 0.09397 0.15512 3.5479 -0.00275131 0.0675397 0
1.17006 0.09397 0.15512 3.7336 -0.181496 0.0858614 0
1.17006 0.09397 0.15512 4.02357 -0.434516 0.101771 0
1.17006 0.09397 0.15512 4.78751 -0.396749 0.129083 0
1.17006 0.09397 0.15512 5.00972 -0.138658 0.0578388 0
1.17006 0.09397 0.15512 5.19377 -0.209361 0.0319571 0
1.17006 0.09397 0.15512 5.37697 -0.21347 0.0210983 0
1.17006 0.09397 0.15512 5.56123 -0.153312 0.0188983 0
1.17006 0.09397 0.15512 5.7458 -0.0964044 0.017923 0
1.17006 0.09397 0.15512 5.9331 -0.152948 0.0189522 0
1.17006 0.09397 0.15512 6.15683 -0.0428874 0.0157058 0
1.20288 0.16264 0.16717 0.0968203 0.00788785 0.0404457 0
1.20288 0.16264 0.16717 0.280193 0.111085 0.0357623 0
1.20288 0.16264 0.16717 0.465177 0.13975 0.041485 0
1.20288 0.16264 0.16717 0.654125 0.253767 0.0494776 0
1.20288 0.16264 0.16717 0.838284 0.245527 0.071006 0
1.20288 0.16264 0.16717 1.07185 0.368885 0.0662578 0
1.20288 0.16264 0.16717 1.29118 0.186504 0.101813 0
1.20288 0.16264 0.16717 1.5047 0.262475 0.0815877 0
1.20288 0.16264 0.16717 1.72761 0.369252 0.0845168 0
1.20288 0.16264 0.16717 1.91524 0.278611 0.0790118 0
1.20288 0.16264 0.16717 2.13618 0.191706 0.0953673 0
1.20288 0.16264 0.16717 2.38449 0.14783 0.0808019 0
1.20288 0.16264 0.16717 2.6468 0.379569 0.063099 0
1.20288 0.16264 0.16717 2.84779 -0.00486285 0.106568 0
1.20288 0.16264 0.16717 3.14948 0.0432002 0.0961048 0
1.20288 0.16264 0.16717 3.52713 0.00926254 0.0996819 0
1.20288 0.16264 0.16717 3.86751 -0.0338408 0.0974044 0
1.20288 0.16264 0.16717 4.29795 -0.111513 0.114352 0
1.20288 0.16264 0.16717 4.7805 -0.404022 0.129525 0
1.20288 0.16264 0.16717 5.58651 -0.118507 0.100433 0
1.20288 0.16264 0.16717 5.88728 -0.0804759 0.0734451 0
1.20288 0.16264 0.16717 6.14024 -0.0738377 0.0315014 0
1.23121 0.2388 0.18872 0.0904899 0.0628241 0.0760889 0
1.23121 0.2388 0.18872 0.279772 0.0492491 0.0771939 0
1.23121 0.2388 0.18872 0.465287 0.297452 0.0649485 0
1.23121 0.2388 0.18872 0.672923 0.235944 0.0843466 0
1.23121 0.2388 0.18872 1.03669 0.285763 0.0914843 0
1.23121 0.2388 0.18872 1.5688 0.0130705 0.156915 0
1.23121 0.2388 0.18872 4.74785 0.136644 0.170144 0
1.23121 0.2388 0.18872 5.45796 -0.106074 0.138749 0
1.23121 0.2388 0.18872 5.85242 -0.163488 0.119169 0
1.23121 0.2388 0.18872 6.1312 -0.082403 0.0707024 0
1.17098 0.09829 0.29026 0.0973684 0.0584737 0.0226203 0
1.17098 0.09829 0.29026 0.289872 0.0973894 0.0187394 0
1.17098 0.09829 0.29026 0.47593 0.12513 0.0155078 0
1.17098 0.09829 0.29026 0.662802 0.159234 0.0140607 0
1.17098 0.09829 0.29026 0.838689 0.151797 0.0160885 0
1.17098 0.09829 0.29026 1.01653 0.243558 0.0293341 0
1.17098 0.09829 0.29026 1.20399 0.0223399 0.090008 0
1.17098 0.09829 0.29026 1.66148 -0.00221551 0.104319 0
1.17098 0.09829 0.29026 1.98642 0.281879 0.0738019 0
1.17098 0.09829 0.29026 2.17685 0.0733999 0.0624361 0
1.17098 0.09829 0.29026 2.36301 0.0198674 0.056601 0
1.17098 0.09829 0.29026 2.54381 0.0534143 0.0465421 0
1.17098 0.09829 0.29026 2.73853 0.0682335 0.0431187 0
1.17098 0.09829 0.29026 2.91769 -0.0629471 0.0442703 0
1.17098 0.09829 0.29026 3.10788 -0.0157314 0.0517939 0
1.17098 0.09829 0.29026 3.29329 -0.141388 0.0649158 0
1.17098 0.09829 0.29026 3.48098 -0.0911124 0.0758307 0
1.17098 0.09829 0.29026 3.67478 -0.0686843 0.0806255 0
1.17098 0.09829 0.29026 3.85568 -0.0931732 0.101286 0
1.17098 0.09829 0.29026 4.11518 -0.0423303 0.119326 0
1.17098 0.09829 0.29026 4.37187 0.00519163 0.0854588 0
1.17098 0.09829 0.29026 4.55503 -0.328399 0.0790022 0
1.17098 0.09829 0.29026 4.74301 -0.199469 0.0719668 0
1.17098 0.09829 0.29026 4.93324 -0.326399 0.0710539 0
1.17098 0.09829 0.29026 5.13405 -0.187768 0.0500894 0
1.17098 0.09829 0.29026 5.32071 -0.192162 0.026398 0
1.17098 0.09829 0.29026 5.50132 -0.13929 0.0178284 0
1.17098 0.09829 0.29026 5.6843 -0.171694 0.0162628 0
1.17098 0.09829 0.29026 5.86955 -0.136432 0.0172189 0
1.17098 0.09829 0.29026 6.10438 -0.0298932 0.0168785 0
1.20665 0.15748 0.32277 0.0911475 0.066987 0.0306045 0
1.20665 0.15748 0.32277 0.259429 0.112146 0.0454023 0
1.20665 0.15748 0.32277 0.646306 0.2223 0.0765077 0
1.20665 0.15748 0.32277 1.27152 0.0895558 0.123115 0
1.20665 0.15748 0.32277 1.7517 0.133169 0.117604 0
1.20665 0.15748 0.32277 1.97004 0.229122 0.103194 0
1.20665 0.15748 0.32277 2.16303 0.151947 0.111326 0
1.20665 0.15748 0.32277 2.36362 0.0154519 0.112687 0
1.20665 0.15748 0.32277 2.55042 0.023972 0.0854336 0
1.20665 0.15748 0.32277 2.73375 0.173589 0.084495 0
1.20665 0.15748 0.32277 2.91244 -0.180139 0.100208 0
1.20665 0.15748 0.32277 3.10497 0.0458699 0.0841583 0
1.20665 0.15748 0.32277 3.29864 -0.0561159 0.107109 0
1.20665 0.15748 0.32277 3.4922 -0.0842423 0.0887338 0
1.20665 0.15748 0.32277 3.67071 0.107171 0.0969639 0
1.20665 0.15748 0.32277 3.89175 -0.0153734 0.109757 0
1.20665 0.15748 0.32277 4.21246 0.0282101 0.125664 0
1.20665 0.15748 0.32277 4.58237 -0.231368 0.14966 0
1.20665 0.15748 0.32277 4.87839 -0.291731 0.125978 0
1.20665 0.15748 0.32277 5.19677 -0.333396 0.107416 0
1.20665 0.15748 0.32277 5.44171 -0.308636 0.0955393 0
1.20665 0.15748 0.32277 5.70817 -0.279221 0.086342 0
1.20665 0.15748 0.32277 6.15069 -0.0272579 0.0277363 0
1.23055 0.23951 0.34267 0.0906475 -0.0168883 0.0886718 0
1.23055 0.23951 0.34267 0.332238 0.241084 0.0755443 0
1.23055 0.23951 0.34267 0.846918 0.108479 0.157647 0
1.23055 0.23951 0.34267 2.01832 0.103166 0.197125 0
1.23055 0.23951 0.34267 4.61031 -0.35183 0.296074 0
1.23055 0.23951 0.34267 5.3033 -0.00844682 0.150572 0
1.23055 0.23951 0.34267 6.10745 -0.067066 0.0715668 0
1.16069 0.09807 0.55942 0.259406 0.0184197 0.0568613 0
1.16069 0.09807 0.55942 0.42126 0.107098 0.0165088 0
1.16069 0.09807 0.55942 0.591279 0.0659403 0.0162303 0
1.16069 0.09807 0.55942 0.766538 0.0887407 0.0298377 0
1.16069 0.09807 0.55942 0.960492 0.236076 0.051841 0
1.16069 0.09807 0.55942 1.15889 0.243359 0.0646125 0
1.16069 0.09807 0.55942 1.35817 0.285523 0.0730006 0
1.16069 0.09807 0.55942 1.79238 -0.00907658 0.11479 0
1.16069 0.09807 0.55942 2.18711 -0.049887 0.103501 0
1.16069 0.09807 0.55942 2.42914 0.0369868 0.0942393 0
1.16069 0.09807 0.55942 2.60659 0.189639 0.0622003 0
1.16069 0.09807 0.55942 2.79856 0.0178736 0.0654931 0
1.16069 0.09807 0.55942 2.98036 -0.166659 0.0746628 0
1.16069 0.09807 0.55942 3.1729 0.280896 0.0608324 0
1.16069 0.09807 0.55942 3.36125 -0.0145401 0.111188 0
1.16069 0.09807 0.55942 3.57406 -0.0101048 0.097186 0
1.16069 0.09807 0.55942 3.93635 -0.15438 0.104113 0
1.16069 0.09807 0.55942 4.27993 -0.102152 0.102915 0
1.16069 0.09807 0.55942 4.49166 -0.156739 0.0912193 0
1.16069 0.09807 0.55942 4.68683 -0.0585814 0.0782172 0
1.16069 0.09807 0.55942 4.87548 -0.0775793 0.0699015 0
1.16069 0.09807 0.55942 5.05518 -0.109989 0.0672654 0
1.16069 0.09807 0.55942 5.25065 -0.174642 0.0730375 0
1.16069 0.09807 0.55942 5.45178 -0.125972 0.0468792 0
1.16069 0.09807 0.55942 5.63522 -0.138529 0.0216395 0
1.16069 0.09807 0.55942 5.81052 -0.0688859 0.015368 0
1.16069 0.09807 0.55942 5.95532 -0.100785 0.0286473 0
1.20139 0.16075 0.58099 0.104143 0.0192736 0.0364247 0
1.20139 0.16075 0.58099 0.276666 0.0503379 0.0305856 0
1.20139 0.16075 0.58099 0.460553 0.158211 0.0743348 0
1.20139 0.16075 0.58099 0.669007 -0.0543047 0.0751093 0
1.20139 0.16075 0.58099 0.84447 0.171522 0.0642351 0
1.20139 0.16075 0.58099 1.02315 0.23415 0.0713848 0
1.20139 0.16075 0.58099 1.24743 0.228971 0.0949233 0
1.20139 0.16075 0.58099 1.65816 0.139941 0.125954 0
1.20139 0.16075 0.58099 2.12895 -0.0774756 0.128495 0
1.20139 0.16075 0.58099 2.47441 0.291823 0.0813648 0
1.20139 0.16075 0.58099 2.72778 0.0315649 0.110745 0
1.20139 0.16075 0.58099 2.92211 -0.0188872 0.115662 0
1.20139 0.16075 0.58099 3.11912 -0.028082 0.118077 0
1.20139 0.16075 0.58099 3.3285 -0.160986 0.109496 0
1.20139 0.16075 0.58099 3.57612 0.100387 0.0951628 0
1.20139 0.16075 0.58099 3.84603 0.128846 0.103068 0
1.20139 0.16075 0.58099 4.33015 0.144881 0.137362 0
1.20139 0.16075 0.58099 4.65788 0.198461 0.102488 0
1.20139 0.16075 0.58099 4.86366 -0.225531 0.142514 0
1.20139 0.16075 0.58099 5.06493 -0.210363 0.123943 0
1.20139 0.16075 0.58099 5.24751 -0.0701404 0.0863065 0
1.20139 0.16075 0.58099 5.43444 -0.142176 0.0764416 0
1.20139 0.16075 0.58099 5.616 -0.26477 0.0679061 0
1.20139 0.16075 0.58099 5.82877 -0.0884502 0.0664479 0
1.20139 0.16075 0.58099 6.00655 -0.0709303 0.0267092 0
1.20139 0.16075 0.58099 6.17454 -0.00569041 0.0362944 0
1.22297 0.23502 0.63939 0.236809 0.0690111 0.0807899 0
1.22297 0.23502 0.63939 0.913996 -0.0101473 0.173151 0
1.22297 0.23502 0.63939 4.74036 -0.138076 0.20933 0
1.22297 0.23502 0.63939 5.3604 -0.294677 0.158553 0
1.22297 0.23502 0.63939 5.77274 -0.122697 0.109817 0
1.16971 0.09702 1.05316 0.0983527 0.0744695 0.0220526 0
1.16971 0.09702 1.05316 0.275895 -0.0100643 0.0274823 0
1.16971 0.09702 1.05316 0.446156 0.117237 0.0586395 0
1.16971 0.09702 1.05316 0.854116 -0.0662802 0.140575 0
1.16971 0.09702 1.05316 1.42775 0.320182 0.0845165 0
1.16971 0.09702 1.05316 2.05441 0.151726 0.163511 0
1.16971 0.09702 1.05316 2.71569 0.118918 0.132329 0
1.16971 0.09702 1.05316 3.24022 -0.0195084 0.120093 0
1.16971 0.09702 1.05316 4.00825 -0.408619 0.236788 0
1.16971 0.09702 1.05316 4.60505 0.128651 0.120111 0
1.16971 0.09702 1.05316 5.05513 0.151543 0.0994825 0
1.16971 0.09702 1.05316 5.73377 -0.206049 0.125064 0
1.16971 0.09702 1.05316 5.95232 -0.0174061 0.0307074 0
1.16971 0.09702 1.05316 6.14777 -0.0321333 0.0194224 0
1.21637 0.15868 1.09183 0.164439 -0.0499286 0.0519026 0
1.21637 0.15868 1.09183 0.312919 0.101795 0.0705833 0
1.21637 0.15868 1.09183 0.73457 -0.125322 0.105938 0
1.21637 0.15868 1.09183 1.12461 -0.111066 0.131021 0
1.21637 0.15868 1.09183 2.85213 0.0150266 0.127203 0
1.21637 0.15868 1.09183 3.48852 -0.204731 0.188634 0
1.21637 0.15868 1.09183 4.11537 0.296705 0.175919 0
1.21637 0.15868 1.09183 4.75806 -0.068472 0.192555 0
1.21637 0.15868 1.09183 5.3646 -0.0816408 0.166549 0
1.21637 0.15868 1.09183 5.94068 -0.030561 0.0673885 0
1.21637 0.15868 1.09183 6.11322 0.0350375 0.0464439 0
1.55841 0.112 0.15729 0.0971024 0.0192776 0.0258981 0
1.55841 0.112 0.15729 0.283699 0.0742729 0.0231447 0
1.55841 0.112 0.15729 0.471181 0.0847095 0.0214654 0
1.55841 0.112 0.15729 0.657506 0.110276 0.0258141 0
1.55841 0.112 0.15729 0.840849 0.193822 0.0272789 0
1.55841 0.112 0.15729 1.02343 0.208435 0.0397022 0
1.55841 0.112 0.15729 1.20668 0.020469 0.11428 0
1.55841 0.112 0.15729 1.59619 0.374287 0.0610126 0
1.55841 0.112 0.15729 2.02685 0.0208766 0.0888863 0
1.55841 0.112 0.15729 2.26979 0.256696 0.0641645 0
1.55841 0.112 0.15729 2.51915 0.255783 0.0670548 0
1.55841 0.112 0.15729 2.72714 -0.0495801 0.0898187 0
1.55841 0.112 0.15729 2.94968 0.159925 0.0769243 0
1.55841 0.112 0.15729 3.2015 0.0147037 0.0940127 0
1.55841 0.112 0.15729 3.50926 0.0969284 0.0770513 0
1.55841 0.112 0.15729 3.90177 -0.521007 0.163603 0
1.55841 0.112 0.15729 5.08013 -0.302465 0.153381 0
1.55841 0.112 0.15729 5.25796 -0.165468 0.0499925 0
1.55841 0.112 0.15729 5.44072 -0.194213 0.0319679 0
1.55841 0.112 0.15729 5.62159 -0.17687 0.0257489 0
1.55841 0.112 0.15729 5.80982 -0.0843754 0.0247865 0
1.55841 0.112 0.15729 5.99524 -0.120179 0.0271862 0
1.55841 0.112 0.15729 6.18454 -0.0384128 0.0259585 0
1.60686 0.16238 0.17049 0.0954951 0.0471181 0.0406104 0
1.60686 0.16238 0.17049 0.276794 0.0552729 0.0501996 0
1.60686 0.16238 0.17049 0.469932 0.168115 0.0513254 0
1.60686 0.16238 0.17049 0.657087 0.292582 0.0509047 0
1.60686 0.16238 0.17049 0.845306 0.267475 0.0672752 0
1.60686 0.16238 0.17049 1.03583 0.159411 0.0798073 0
1.60686 0.16238 0.17049 1.21893 0.36865 0.0586386 0
1.60686 0.16238 0.17049 1.41039 0.353226 0.0576213 0
1.60686 0.16238 0.17049 1.62987 0.447105 0.0506948 0
1.60686 0.16238 0.17049 1.87415 0.444565 0.056831 0
1.60686 0.16238 0.17049 2.09723 0.117028 0.102014 0
1.60686 0.16238 0.17049 2.29591 0.0778702 0.0854056 0
1.60686 0.16238 0.17049 2.47725 -0.144068 0.110288 0
1.60686 0.16238 0.17049 2.67615 0.0896505 0.100031 0
1.60686 0.16238 0.17049 2.88948 -0.144689 0.106023 0
1.60686 0.16238 0.17049 3.17365 -0.00925932 0.101214 0
1.60686 0.16238 0.17049 3.48098 -0.00935696 0.0982582 0
1.60686 0.16238 0.17049 3.80185 0.0414421 0.0988535 0
1.60686 0.16238 0.17049 4.29507 -0.166921 0.0932685 0
1.60686 0.16238 0.17049 4.88323 -0.477234 0.131936 0
1.60686 0.16238 0.17049 5.54666 -0.176149 0.0952751 0
1.60686 0.16238 0.17049 5.81874 -0.224156 0.0874888 0
1.60686 0.16238 0.17049 6.0035 -0.0713077 0.0568213 0
1.60686 0.16238 0.17049 6.19377 -0.036556 0.0429403 0
1.60722 0.25484 0.19802 0.100731 0.0294403 0.0686881 0
1.60722 0.25484 0.19802 0.280758 0.210652 0.0594872 0
1.60722 0.25484 0.19802 0.467545 0.24699 0.0663132 0
1.60722 0.25484 0.19802 0.655986 0.249776 0.0769121 0
1.60722 0.25484 0.19802 0.869666 0.308395 0.0849806 0
1.60722 0.25484 0.19802 1.18969 0.255218 0.0887917 0
1.60722 0.25484 0.19802 1.61337 0.30215 0.0876917 0
1.60722 0.25484 0.19802 4.77247 -0.290641 0.193335 0
1.60722 0.25484 0.19802 5.38085 -0.224031 0.131323 0
1.60722 0.25484 0.19802 5.68819 -0.145822 0.105071 0
1.60722 0.25484 0.19802 5.88098 -0.281233 0.102683 0
1.60722 0.25484 0.19802 6.13282 -0.0275351 0.0553009 0
1.54549 0.11408 0.28831 0.103867 -0.00345378 0.0674262 0
1.54549 0.11408 0.28831 0.295121 0.0941391 0.0440952 0
1.54549 0.11408 0.28831 0.481672 0.156746 0.0258791 0
1.54549 0.11408 0.28831 0.66207 0.179279 0.0201438 0
1.54549 0.11408 0.28831 0.832765 0.222575 0.0238946 0
1.54549 0.11408 0.28831 1.01795 0.360567 0.0578003 0
1.54549 0.11408 0.28831 2.02298 0.172105 0.0725925 0
1.54549 0.11408 0.28831 2.29087 0.0510688 0.105795 0
1.54549 0.11408 0.28831 2.48631 0.126266 0.0855284 0
1.54549 0.11408 0.28831 2.6714 0.052857 0.0858044 0
1.54549 0.11408 0.28831 2.86227 0.00338646 0.0845997 0
1.54549 0.11408 0.28831 3.04878 -0.22227 0.109174 0
1.54549 0.11408 0.28831 3.22213 0.00418913 0.0962704 0
1.54549 0.11408 0.28831 3.51502 -0.060967 0.111244 0
1.54549 0.11408 0.28831 4.02671 0.0768908 0.0951209 0
1.54549 0.11408 0.28831 4.49933 -0.180213 0.0948946 0
1.54549 0.11408 0.28831 4.83749 -0.285237 0.0892303 0
1.54549 0.11408 0.28831 5.20462 -0.210341 0.115412 0
1.54549 0.11408 0.28831 5.38945 -0.208143 0.039733 0
1.54549 0.11408 0.28831 5.56568 -0.147022 0.0237432 0
1.54549 0.11408 0.28831 5.73976 -0.11932 0.0248295 0
1.54549 0.11408 0.28831 5.91794 -0.146978 0.0379439 0
1.54549 0.11408 0.28831 6.13518 0.00824126 0.062672 0
1.60576 0.15599 0.31425 0.0930619 0.0145343 0.0256849 0
1.60576 0.15599 0.31425 0.277965 0.127105 0.0257516 0
1.60576 0.15599 0.31425 0.454721 0.145658 0.0429751 0
1.60576 0.15599 0.31425 0.728274 0.312867 0.0938771 0
1.60576 0.15599 0.31425 1.43848 0.46651 0.0524918 0
1.60576 0.15599 0.31425 1.75648 0.202051 0.0813978 0
1.60576 0.15599 0.31425 1.98485 0.127021 0.11238 0
1.60576 0.15599 0.31425 2.20385 0.297809 0.0774805 0
1.60576 0.15599 0.31425 2.42956 0.228745 0.0738402 0
1.60576 0.15599 0.31425 2.60783 0.160265 0.0725917 0
1.60576 0.15599 0.31425 2.79701 0.0738126 0.0766664 0
1.60576 0.15599 0.31425 2.97936 0.0643592 0.0849942 0
1.60576 0.15599 0.31425 3.16557 -0.154017 0.112012 0
1.60576 0.15599 0.31425 3.39169 0.250391 0.0734102 0
1.60576 0.15599 0.31425 3.64126 -0.189025 0.101277 0
1.60576 0.15599 0.31425 3.88252 -0.0077834 0.111533 0
1.60576 0.15599 0.31425 4.30533 -0.453142 0.111939 0
1.60576 0.15599 0.31425 4.74975 -0.227572 0.100751 0
1.60576 0.15599 0.31425 5.05837 -0.307907 0.0899051 0
1.60576 0.15599 0.31425 5.32968 -0.298514 0.094178 0
1.60576 0.15599 0.31425 5.68059 -0.139014 0.120605 0
1.60576 0.15599 0.31425 5.88381 -0.0815662 0.0364583 0
1.60576 0.15599 0.31425 6.12481 -0.0472144 0.0205619 0
1.60412 0.25678 0.35114 0.0907367 -0.0394466 0.0694078 0
1.60412 0.25678 0.35114 0.271958 0.240088 0.0678129 0
1.60412 0.25678 0.35114 0.467791 0.117719 0.1045 0
1.60412 0.25678 0.35114 0.713009 -0.00701786 0.117163 0
1.60412 0.25678 0.35114 1.21521 0.429018 0.0846371 0
1.60412 0.25678 0.35114 1.6966 0.0267452 0.139304 0
1.60412 0.25678 0.35114 2.1074 0.296616 0.137262 0
1.60412 0.25678 0.35114 4.66866 -0.909066 0.329242 0
1.60412 0.25678 0.35114 5.36216 0.200898 0.160721 0
1.60412 0.25678 0.35114 5.95539 -0.239627 0.0937884 0
1.60412 0.25678 0.35114 6.18932 0.168898 0.0556884 0
1.54972 0.11304 0.56128 0.452438 0.0114797 0.0430526 0
1.54972 0.11304 0.56128 0.596394 0.118245 0.0221521 0
1.54972 0.11304 0.56128 0.759838 0.0422385 0.0417597 0
1.54972 0.11304 0.56128 1.04029 0.115717 0.103836 0
1.54972 0.11304 0.56128 1.60107 0.0598101 0.136171 0
1.54972 0.11304 0.56128 2.29314 0.183319 0.081289 0
1.54972 0.11304 0.56128 2.63497 -0.104811 0.118118 0
1.54972 0.11304 0.56128 2.89831 0.114826 0.0969509 0
1.54972 0.11304 0.56128 3.17248 0.167965 0.0769748 0
1.54972 0.11304 0.56128 3.65103 -0.370768 0.135296 0
1.54972 0.11304 0.56128 4.27984 -0.00981308 0.0971915 0
1.54972 0.11304 0.56128 4.6685 -0.0796155 0.0935056 0
1.54972 0.11304 0.56128 4.99628 -0.212765 0.09964 0
1.54972 0.11304 0.56128 5.3943 0.132532 0.0742127 0
1.54972 0.11304 0.56128 5.57625 -0.156891 0.0373801 0
1.54972 0.11304 0.56128 5.74063 -0.0923461 0.0254495 0
1.54972 0.11304 0.56128 5.87676 0.0192161 0.0824402 0
1.59735 0.16169 0.58224 0.0944883 0.00546565 0.0367293 0
1.59735 0.16169 0.58224 0.289366 0.0793285 0.030582 0
1.59735 0.16169 0.58224 0.452297 0.0828868 0.0380761 0
1.59735 0.16169 0.58224 0.665953 0.0186006 0.111053 0
1.59735 0.16169 0.58224 0.916635 0.211066 0.0721536 0
1.59735 0.16169 0.58224 1.11152 0.14175 0.0955126 0
1.59735 0.16169 0.58224 1.50643 0.163601 0.0955506 0
1.59735 0.16169 0.58224 2.08493 0.262055 0.0923217 0
1.59735 0.16169 0.58224 2.52873 0.154554 0.0961684 0
1.59735 0.16169 0.58224 2.79298 0.150699 0.0945709 0
1.59735 0.16169 0.58224 2.98088 -0.206212 0.109196 0
1.59735 0.16169 0.58224 3.19461 0.100829 0.0949691 0
1.59735 0.16169 0.58224 3.47046 0.0368103 0.101714 0
1.59735 0.16169 0.58224 3.86928 -0.12084 0.124201 0
1.59735 0.16169 0.58224 4.49426 -0.307156 0.143223 0
1.59735 0.16169 0.58224 4.80404 -0.218367 0.106439 0
1.59735 0.16169 0.58224 4.98784 -0.286412 0.110174 0
1.59735 0.16169 0.58224 5.21177 -0.421983 0.100158 0
1.59735 0.16169 0.58224 5.46586 -0.191015 0.0858376 0
1.59735 0.16169 0.58224 5.7058 -0.0916876 0.0716143 0
1.59735 0.16169 0.58224 5.88334 -0.136297 0.0303134 0
1.59735 0.16169 0.58224 6.10293 -0.0715832 0.0257433 0
1.60562 0.25015 0.64407 0.200336 0.166141 0.0608439 0
1.60562 0.25015 0.64407 0.924833 0.131621 0.115079 0
1.60562 0.25015 0.64407 1.56577 0.0994853 0.194968 0
1.60562 0.25015 0.64407 2.25847 0.240505 0.109181 0
1.60562 0.25015 0.64407 2.80826 0.0638697 0.111068 0
1.60562 0.25015 0.64407 3.35117 0.121149 0.0877923 0
1.60562 0.25015 0.64407 4.01809 0.0647358 0.129649 0
1.60562 0.25015 0.64407 4.65767 0.0198262 0.159819 0
1.60562 0.25015 0.64407 5.26301 -0.42469 0.187473 0
1.60562 0.25015 0.64407 5.62635 -0.078948 0.0974655 0
1.60562 0.25015 0.64407 6.0437 -0.0289526 0.0584761 0
1.55867 0.11184 1.06659 0.09136 -0.0812171 0.0592202 0
1.55867 0.11184 1.06659 0.294052 0.0134844 0.0506183 0
1.55867 0.11184 1.06659 0.454484 0.134068 0.0534347 0
1.55867 0.11184 1.06659 0.80745 0.0889999 0.130427 0
1.55867 0.11184 1.06659 4.71459 -0.194226 0.174767 0
1.55867 0.11184 1.06659 5.76532 0.0145344 0.0827296 0
1.55867 0.11184 1.06659 5.93419 -0.0111787 0.0410654 0
1.55867 0.11184 1.06659 6.15496 0.0838811 0.0420496 0
1.59577 0.1626 1.12704 0.0946286 0.0914842 0.0551637 0
1.59577 0.1626 1.12704 0.283205 0.0943404 0.0410698 0
1.59577 0.1626 1.12704 0.483339 -0.0159364 0.0899407 0
1.59577 0.1626 1.12704 0.875978 0.0595019 0.0934797 0
1.59577 0.1626 1.12704 1.32333 0.103913 0.136697 0
1.59577 0.1626 1.12704 2.6454 0.0413233 0.121093 0
1.59577 0.1626 1.12704 3.21164 -0.0228915 0.112369 0
1.59577 0.1626 1.12704 4.5315 0.0690201 0.173255 0
1.59577 0.1626 1.12704 5.15902 -0.472845 0.176205 0
1.59577 0.1626 1.12704 5.77358 -0.00895755 0.085425 0
1.59577 0.1626 1.12704 5.99683 -0.0629843 0.0421101 0
1.59577 0.1626 1.12704 6.19035 -0.0296375 0.0601953 0
2.01479 0.14001 0.16508 0.0956592 0.0115625 0.0261525 0
2.01479 0.14001 0.16508 0.285034 0.0812281 0.0246585 0
2.01479 0.14001 0.16508 0.471932 0.135234 0.0241602 0
2.01479 0.14001 0.16508 0.654487 0.141826 0.027949 0
2.01479 0.14001 0.16508 0.837514 0.20018 0.0499084 0
2.01479 0.14001 0.16508 1.01759 0.206926 0.080708 0
2.01479 0.14001 0.16508 1.32298 0.31593 0.139953 0
2.01479 0.14001 0.16508 1.73561 0.241934 0.106216 0
2.01479 0.14001 0.16508 2.01054 0.288218 0.0928453 0
2.01479 0.14001 0.16508 2.22885 0.309019 0.0995631 0
2.01479 0.14001 0.16508 2.4212 0.20921 0.0959306 0
2.01479 0.14001 0.16508 2.61099 0.00675894 0.089193 0
2.01479 0.14001 0.16508 2.79648 0.010535 0.102277 0
2.01479 0.14001 0.16508 2.97865 0.0110256 0.120548 0
2.01479 0.14001 0.16508 3.20618 -0.106631 0.107175 0
2.01479 0.14001 0.16508 3.45669 0.0173457 0.124924 0
2.01479 0.14001 0.16508 3.76232 -0.175744 0.11727 0
2.01479 0.14001 0.16508 5.1859 -0.325209 0.110084 0
2.01479 0.14001 0.16508 5.38427 -0.140118 0.0569587 0
2.01479 0.14001 0.16508 5.56515 -0.202878 0.0315824 0
2.01479 0.14001 0.16508 5.74588 -0.106682 0.0266633 0
2.01479 0.14001 0.16508 5.93436 -0.056027 0.0271927 0
2.01479 0.14001 0.16508 6.15783 -0.0662251 0.0230437 0
2.1182 0.19896 0.18445 0.0934252 0.0648763 0.0475669 0
2.1182 0.19896 0.18445 0.281018 0.110168 0.0453345 0
2.1182 0.19896 0.18445 0.467613 0.175357 0.0505523 0
2.1182 0.19896 0.18445 0.657328 0.225664 0.058119 0
2.1182 0.19896 0.18445 0.838096 0.295923 0.0704311 0
2.1182 0.19896 0.18445 1.03458 0.291252 0.0828459 0
2.1182 0.19896 0.18445 1.22372 0.367671 0.0796546 0
2.1182 0.19896 0.18445 1.40939 0.277114 0.0778622 0
2.1182 0.19896 0.18445 1.60727 0.210574 0.0844523 0
2.1182 0.19896 0.18445 1.79039 0.440373 0.0942546 0
2.1182 0.19896 0.18445 1.96648 0.328443 0.086122 0
2.1182 0.19896 0.18445 2.15389 0.324793 0.100601 0
2.1182 0.19896 0.18445 2.34851 0.101154 0.118321 0
2.1182 0.19896 0.18445 2.54636 0.159614 0.120646 0
2.1182 0.19896 0.18445 2.76898 0.256973 0.106345 0
2.1182 0.19896 0.18445 3.01269 0.0249093 0.123805 0
2.1182 0.19896 0.18445 3.34939 0.114744 0.111728 0
2.1182 0.19896 0.18445 3.70975 -0.198741 0.107462 0
2.1182 0.19896 0.18445 4.20714 -0.35389 0.117387 0
2.1182 0.19896 0.18445 4.73649 -0.274173 0.11778 0
2.1182 0.19896 0.18445 5.23317 -0.359348 0.107545 0
2.1182 0.19896 0.18445 5.56978 -0.181301 0.140121 0
2.1182 0.19896 0.18445 5.7573 -0.112413 0.108885 0
2.1182 0.19896 0.18445 5.94469 -0.0305879 0.0556864 0
2.1182 0.19896 0.18445 6.15994 -0.00307035 0.0416878 0
2.1158 0.30858 0.23861 0.0979877 0.0647052 0.0848925 0
2.1158 0.30858 0.23861 0.288524 0.18827 0.0960871 0
2.1158 0.30858 0.23861 0.471012 0.32429 0.0858301 0
2.1158 0.30858 0.23861 0.65559 0.130206 0.11815 0
2.1158 0.30858 0.23861 0.840671 0.361555 0.135892 0
2.1158 0.30858 0.23861 1.03572 0.112195 0.161371 0
2.1158 0.30858 0.23861 1.36203 0.346127 0.165542 0
2.1158 0.30858 0.23861 4.65746 -0.023685 0.204517 0
2.1158 0.30858 0.23861 5.20762 -0.0354776 0.139317 0
2.1158 0.30858 0.23861 5.53811 -0.339098 0.135057 0
2.1158 0.30858 0.23861 5.74922 -0.172048 0.115114 0
2.1158 0.30858 0.23861 5.94323 -0.123449 0.10058 0
2.1158 0.30858 0.23861 6.15318 -0.230803 0.0739908 0
2.01347 0.14258 0.29988 0.0969522 0.047737 0.0493895 0
2.01347 0.14258 0.29988 0.295776 -0.00153711 0.0386833 0
2.01347 0.14258 0.29988 0.477914 0.118707 0.0257633 0
2.01347 0.14258 0.29988 0.660741 0.138681 0.024072 0
2.01347 0.14258 0.29988 0.827385 0.204382 0.0432747 0
2.01347 0.14258 0.29988 1.00386 0.13789 0.166139 0
2.01347 0.14258 0.29988 1.58488 0.133922 0.17969 0
2.01347 0.14258 0.29988 1.93325 0.247794 0.103623 0
2.01347 0.14258 0.29988 2.17842 0.0342292 0.116453 0
2.01347 0.14258 0.29988 2.3527 0.210784 0.0823447 0
2.01347 0.14258 0.29988 2.54871 0.0164021 0.0919438 0
2.01347 0.14258 0.29988 2.73361 -0.0195501 0.0950782 0
2.01347 0.14258 0.29988 2.92589 0.0221407 0.0974737 0
2.01347 0.14258 0.29988 3.10512 -0.129795 0.105638 0
2.01347 0.14258 0.29988 3.32173 -0.221869 0.122342 0
2.01347 0.14258 0.29988 3.56011 0.123281 0.111985 0
2.01347 0.14258 0.29988 4.03688 -0.128046 0.158575 0
2.01347 0.14258 0.29988 4.51264 -0.223161 0.115154 0
2.01347 0.14258 0.29988 4.92409 -0.346933 0.130396 0
2.01347 0.14258 0.29988 5.3334 -0.141654 0.0839073 0
2.01347 0.14258 0.29988 5.51314 -0.130034 0.0307023 0
2.01347 0.14258 0.29988 5.68106 -0.147231 0.0235995 0
2.01347 0.14258 0.29988 5.86608 -0.0824522 0.0283347 0
2.01347 0.14258 0.29988 6.10523 -0.0196411 0.0332207 0
2.12931 0.19307 0.32879 0.0934816 0.0336245 0.0304527 0
2.12931 0.19307 0.32879 0.280271 0.0512084 0.034321 0
2.12931 0.19307 0.32879 0.462132 0.190238 0.0504431 0
2.12931 0.19307 0.32879 0.644727 0.100397 0.11466 0
2.12931 0.19307 0.32879 1.02209 0.52726 0.110636 0
2.12931 0.19307 0.32879 1.35081 0.227806 0.127544 0
2.12931 0.19307 0.32879 1.54043 0.143374 0.119502 0
2.12931 0.19307 0.32879 1.72554 0.353145 0.106307 0
2.12931 0.19307 0.32879 1.91016 0.183894 0.125298 0
2.12931 0.19307 0.32879 2.09527 -0.0198716 0.119731 0
2.12931 0.19307 0.32879 2.29302 0.140342 0.0958558 0
2.12931 0.19307 0.32879 2.48615 0.267886 0.091848 0
2.12931 0.19307 0.32879 2.66992 -0.0334328 0.102795 0
2.12931 0.19307 0.32879 2.86009 0.0462278 0.0900301 0
2.12931 0.19307 0.32879 3.04532 -0.0957902 0.107338 0
2.12931 0.19307 0.32879 3.2287 0.0736069 0.127056 0
2.12931 0.19307 0.32879 3.42116 -0.29044 0.119353 0
2.12931 0.19307 0.32879 3.62051 -0.0374075 0.152674 0
2.12931 0.19307 0.32879 3.78977 -0.111934 0.132505 0
2.12931 0.19307 0.32879 4.01294 -0.094314 0.15103 0
2.12931 0.19307 0.32879 4.33697 -0.347074 0.129989 0
2.12931 0.19307 0.32879 4.7222 -0.432958 0.126078 0
2.12931 0.19307 0.32879 5.0361 -0.319723 0.123113 0
2.12931 0.19307 0.32879 5.26247 -0.277074 0.121533 0
2.12931 0.19307 0.32879 5.59306 -0.110461 0.163563 0
2.12931 0.19307 0.32879 5.82738 -0.0953551 0.0601915 0
2.12931 0.19307 0.32879 6.00037 -0.0872222 0.0358058 0
2.12931 0.19307 0.32879 6.18882 0.00879561 0.0312733 0
2.1299 0.30825 0.39575 0.0901249 0.0142212 0.0838804 0
2.1299 0.30825 0.39575 0.282219 0.191896 0.0937388 0
2.1299 0.30825 0.39575 0.467937 0.137717 0.110309 0
2.1299 0.30825 0.39575 0.679728 0.228133 0.160087 0
2.1299 0.30825 0.39575 0.957846 0.142231 0.167753 0
2.1299 0.30825 0.39575 1.39858 0.0901484 0.177393 0
2.1299 0.30825 0.39575 1.80939 -0.0644228 0.174744 0
2.1299 0.30825 0.39575 2.28567 0.208191 0.153224 0
2.1299 0.30825 0.39575 2.99384 0.244062 0.141624 0
2.1299 0.30825 0.39575 3.56263 -0.170063 0.217593 0
2.1299 0.30825 0.39575 4.17938 -0.124451 0.22231 0
2.1299 0.30825 0.39575 4.80679 -0.468984 0.249373 0
2.1299 0.30825 0.39575 5.49532 -0.186317 0.159886 0
2.1299 0.30825 0.39575 5.92218 -0.10054 0.127122 0
2.1299 0.30825 0.39575 6.16765 -0.189301 0.0719326 0
2.00625 0.14243 0.56632 0.38936 0.143483 0.0758993 0
2.00625 0.14243 0.56632 0.544787 0.110566 0.0293008 0
2.00625 0.14243 0.56632 0.70406 0.1231 0.035991 0
2.00625 0.14243 0.56632 0.879733 0.0859768 0.168955 0
2.00625 0.14243 0.56632 1.25541 0.427264 0.154305 0
2.00625 0.14243 0.56632 2.03401 0.177214 0.152212 0
2.00625 0.14243 0.56632 2.42489 0.207195 0.10863 0
2.00625 0.14243 0.56632 2.67004 -0.00457868 0.144135 0
2.00625 0.14243 0.56632 2.86403 -0.18475 0.123804 0
2.00625 0.14243 0.56632 3.06947 -0.147564 0.131932 0
2.00625 0.14243 0.56632 3.39116 0.0110658 0.138933 0
2.00625 0.14243 0.56632 3.98295 -0.203964 0.142609 0
2.00625 0.14243 0.56632 4.44837 -0.0967734 0.120513 0
2.00625 0.14243 0.56632 4.70712 -0.319454 0.0982249 0
2.00625 0.14243 0.56632 4.92285 -0.0596594 0.123994 0
2.00625 0.14243 0.56632 5.21924 -0.112832 0.110744 0
2.00625 0.14243 0.56632 5.52188 -0.132639 0.0602236 0
2.00625 0.14243 0.56632 5.68957 -0.0767849 0.0285279 0
2.00625 0.14243 0.56632 5.83753 -0.103113 0.044917 0
2.10837 0.19527 0.59712 0.0969267 0.059445 0.0373525 0
2.10837 0.19527 0.59712 0.283625 0.0985114 0.0352284 0
2.10837 0.19527 0.59712 0.460357 0.191503 0.0416081 0
2.10837 0.19527 0.59712 0.631193 0.23245 0.139489 0
2.10837 0.19527 0.59712 0.933978 0.22749 0.117216 0
2.10837 0.19527 0.59712 1.20956 0.123447 0.140621 0
2.10837 0.19527 0.59712 1.68225 0.320186 0.143056 0
2.10837 0.19527 0.59712 1.98115 0.0643789 0.153319 0
2.10837 0.19527 0.59712 2.20962 0.109687 0.13692 0
2.10837 0.19527 0.59712 2.42422 -0.279175 0.155881 0
2.10837 0.19527 0.59712 2.60677 0.207381 0.123466 0
2.10837 0.19527 0.59712 2.8024 0.00158126 0.111973 0
2.10837 0.19527 0.59712 2.98289 0.0331428 0.116421 0
2.10837 0.19527 0.59712 3.1685 -0.181048 0.134744 0
2.10837 0.19527 0.59712 3.36495 -0.0623833 0.135319 0
2.10837 0.19527 0.59712 3.57936 0.0783984 0.128671 0
2.10837 0.19527 0.59712 3.92468 0.0585793 0.156328 0
2.10837 0.19527 0.59712 4.39342 -0.235465 0.161146 0
2.10837 0.19527 0.59712 4.68154 -0.194625 0.140901 0
2.10837 0.19527 0.59712 4.8718 -0.191281 0.118877 0
2.10837 0.19527 0.59712 5.05996 -0.333938 0.118578 0
2.10837 0.19527 0.59712 5.24446 -0.208042 0.0995933 0
2.10837 0.19527 0.59712 5.43904 -0.226149 0.0958491 0
2.10837 0.19527 0.59712 5.63246 -0.194264 0.092746 0
2.10837 0.19527 0.59712 5.82436 -0.185429 0.0404732 0
2.10837 0.19527 0.59712 5.98985 -0.14927 0.0310636 0
2.10837 0.19527 0.59712 6.18615 -0.0479698 0.0365143 0
2.1195 0.31098 0.67478 0.0812236 -0.0605118 0.112035 0
2.1195 0.31098 0.67478 0.438276 0.283842 0.144533 0
2.1195 0.31098 0.67478 1.14095 -0.153186 0.326015 0
2.1195 0.31098 0.67478 1.82403 0.0196028 0.194865 0
2.1195 0.31098 0.67478 2.28825 0.208456 0.141514 0
2.1195 0.31098 0.67478 2.75321 0.124085 0.147216 0
2.1195 0.31098 0.67478 3.33892 -0.0680932 0.15568 0
2.1195 0.31098 0.67478 3.98033 0.0129501 0.150518 0
2.1195 0.31098 0.67478 4.53332 -0.042007 0.30688 0
2.1195 0.31098 0.67478 5.2514 -0.0964805 0.327492 0
2.1195 0.31098 0.67478 5.78707 0.153155 0.158822 0
2.1195 0.31098 0.67478 6.21154 -0.045866 0.104987 0
2.01895 0.14152 1.15441 0.0846817 -0.0221817 0.087504 0
2.01895 0.14152 1.15441 0.295308 -0.0728331 0.0698943 0
2.01895 0.14152 1.15441 0.463594 0.209309 0.0550553 0
2.01895 0.14152 1.15441 0.6876 0.102643 0.129279 0
2.01895 0.14152 1.15441 1.28627 0.178857 0.176668 0
2.01895 0.14152 1.15441 2.66057 -0.100104 0.186628 0
2.01895 0.14152 1.15441 4.5701 0.437292 0.150872 0
2.01895 0.14152 1.15441 5.08352 -0.349416 0.244968 0
2.01895 0.14152 1.15441 5.70189 -0.0847949 0.0896402 0
2.01895 0.14152 1.15441 5.86374 -0.126924 0.0474779 0
2.01895 0.14152 1.15441 6.10089 -0.0495358 0.0555668 0
2.10143 0.20276 1.21244 0.106433 -0.124612 0.0753819 0
2.10143 0.20276 1.21244 0.287351 -0.00173656 0.0480078 0
2.10143 0.20276 1.21244 0.443937 0.139566 0.0920371 0
2.10143 0.20276 1.21244 0.746774 0.0395782 0.108552 0
2.10143 0.20276 1.21244 1.01028 0.227816 0.112912 0
2.10143 0.20276 1.21244 1.35156 0.041555 0.177643 0
2.10143 0.20276 1.21244 2.65826 0.267255 0.149915 0
2.10143 0.20276 1.21244 3.00496 0.0428675 0.159208 0
2.10143 0.20276 1.21244 3.5126 -0.0383115 0.173612 0
2.10143 0.20276 1.21244 4.20894 -0.15886 0.211165 0
2.10143 0.20276 1.21244 4.74722 -0.185727 0.197008 0
2.10143 0.20276 1.21244 5.05223 -0.216975 0.141042 0
2.10143 0.20276 1.21244 5.35909 -0.0531877 0.134881 0
2.10143 0.20276 1.21244 5.73203 -0.18064 0.120791 0
2.10143 0.20276 1.21244 5.9401 -0.0779646 0.0464016 0
2.10143 0.20276 1.21244 6.126 0.0452827 0.0538303 0
2.14984 0.29989 1.2591 0.304206 0.108246 0.13557 0
2.14984 0.29989 1.2591 0.84884 0.424005 0.257625 0
2.14984 0.29989 1.2591 2.17851 -0.178966 0.253015 0
2.14984 0.29989 1.2591 2.7479 0.168611 0.256432 0
2.14984 0.29989 1.2591 4.15313 0.31287 0.203987 0
2.14984 0.29989 1.2591 4.62081 -0.322592 0.394536 0
2.14984 0.29989 1.2591 5.38819 -0.291079 0.222234 0
2.14984 0.29989 1.2591 5.98901 -0.073852 0.105538 0
2.67197 0.18214 0.18304 0.0930572 0.00642873 0.0294845 0
2.67197 0.18214 0.18304 0.283468 0.146139 0.0289518 0
2.67197 0.18214 0.18304 0.464856 0.0164214 0.0341971 0
2.67197 0.18214 0.18304 0.644654 0.103438 0.0561691 0
2.67197 0.18214 0.18304 0.82762 0.169256 0.102939 0
2.67197 0.18214 0.18304 1.18014 0.313265 0.107745 0
2.67197 0.18214 0.18304 1.50657 0.372816 0.0997073 0
2.67197 0.18214 0.18304 1.75432 -0.074079 0.126017 0
2.67197 0.18214 0.18304 2.05186 0.398464 0.0922954 0
2.67197 0.18214 0.18304 2.29153 0.0549948 0.104082 0
2.67197 0.18214 0.18304 2.47942 0.0379981 0.123365 0
2.67197 0.18214 0.18304 2.7066 0.0246008 0.104048 0
2.67197 0.18214 0.18304 2.97753 0.252805 0.0955445 0
2.67197 0.18214 0.18304 3.35057 0.0709555 0.107379 0
2.67197 0.18214 0.18304 3.84568 -0.137818 0.119353 0
2.67197 0.18214 0.18304 5.35462 0.0133442 0.144004 0
2.67197 0.18214 0.18304 5.57032 -0.198793 0.0740834 0
2.67197 0.18214 0.18304 5.7533 -0.0903145 0.0426911 0
2.67197 0.18214 0.18304 5.93715 -0.0630041 0.0343543 0
2.67197 0.18214 0.18304 6.15791 -0.0186581 0.0261404 0
2.79578 0.25837 0.21527 0.0952529 0.0808242 0.0579834 0
2.79578 0.25837 0.21527 0.285196 0.0498451 0.053069 0
2.79578 0.25837 0.21527 0.46863 0.245789 0.0481858 0
2.79578 0.25837 0.21527 0.656457 0.174913 0.0598703 0
2.79578 0.25837 0.21527 0.842231 0.24937 0.0656863 0
2.79578 0.25837 0.21527 1.03662 0.292916 0.0828488 0
2.79578 0.25837 0.21527 1.22397 0.452921 0.0713105 0
2.79578 0.25837 0.21527 1.41095 0.456999 0.0994503 0
2.79578 0.25837 0.21527 1.60052 0.415593 0.0887428 0
2.79578 0.25837 0.21527 1.83127 0.347293 0.0967296 0
2.79578 0.25837 0.21527 2.24213 0.111778 0.111365 0
2.79578 0.25837 0.21527 2.81331 0.0277534 0.111832 0
2.79578 0.25837 0.21527 3.45938 -0.0252911 0.125949 0
2.79578 0.25837 0.21527 4.07663 -0.102826 0.157785 0
2.79578 0.25837 0.21527 4.71899 -0.428299 0.0970869 0
2.79578 0.25837 0.21527 5.13566 -0.24965 0.120461 0
2.79578 0.25837 0.21527 5.42224 -0.429358 0.0970654 0
2.79578 0.25837 0.21527 5.6271 -0.25328 0.0887071 0
2.79578 0.25837 0.21527 5.81987 -0.154128 0.0718127 0
2.79578 0.25837 0.21527 6.0025 -0.168025 0.0631117 0
2.79578 0.25837 0.21527 6.1896 -0.124973 0.0570749 0
2.82674 0.38527 0.31506 0.0956667 -0.0361733 0.121591 0
2.82674 0.38527 0.31506 0.284402 0.261019 0.122591 0
2.82674 0.38527 0.31506 0.510837 0.397282 0.100769 0
2.82674 0.38527 0.31506 0.766109 0.386272 0.111955 0
2.82674 0.38527 0.31506 1.13999 0.218277 0.131252 0
2.82674 0.38527 0.31506 1.68976 0.224581 0.13411 0
2.82674 0.38527 0.31506 4.17818 -0.302817 0.20342 0
2.82674 0.38527 0.31506 4.83159 0.10111 0.239307 0
2.82674 0.38527 0.31506 5.43318 0.0860263 0.188882 0
2.82674 0.38527 0.31506 5.77963 -0.308334 0.129112 0
2.82674 0.38527 0.31506 6.00165 -0.250907 0.152225 0
2.82674 0.38527 0.31506 6.19299 -0.0129932 0.138408 0
2.68499 0.18571 0.32106 0.0946275 0.0583874 0.0319459 0
2.68499 0.18571 0.32106 0.286969 0.0440803 0.0308769 0
2.68499 0.18571 0.32106 0.474272 0.13747 0.025447 0
2.68499 0.18571 0.32106 0.645376 0.141181 0.0362184 0
2.68499 0.18571 0.32106 0.82197 0.169704 0.0823462 0
2.68499 0.18571 0.32106 1.33484 0.147465 0.128223 0
2.68499 0.18571 0.32106 1.69661 0.144965 0.107699 0
2.68499 0.18571 0.32106 1.95332 0.161405 0.100167 0
2.68499 0.18571 0.32106 2.2083 0.261222 0.0875254 0
2.68499 0.18571 0.32106 2.41742 0.0637989 0.0964827 0
2.68499 0.18571 0.32106 2.61183 -0.0629752 0.103206 0
2.68499 0.18571 0.32106 2.79327 0.0628149 0.106906 0
2.68499 0.18571 0.32106 2.97194 0.00280114 0.128606 0
2.68499 0.18571 0.32106 3.20305 -0.026756 0.108291 0
2.68499 0.18571 0.32106 3.49513 -0.109882 0.111147 0
2.68499 0.18571 0.32106 3.84888 -0.212612 0.123232 0
2.68499 0.18571 0.32106 4.36569 -0.0928852 0.12902 0
2.68499 0.18571 0.32106 4.78406 -0.356052 0.10666 0
2.68499 0.18571 0.32106 5.37128 -0.227424 0.104431 0
2.68499 0.18571 0.32106 5.57793 -0.19299 0.0414201 0
2.68499 0.18571 0.32106 5.74937 -0.124836 0.0284176 0
2.68499 0.18571 0.32106 5.93241 -0.0489565 0.0291163 0
2.68499 0.18571 0.32106 6.14915 0.032278 0.02894 0
2.84675 0.25492 0.36339 0.0920231 0.115349 0.046546 0
2.84675 0.25492 0.36339 0.281369 0.0736026 0.0484537 0
2.84675 0.25492 0.36339 0.465029 0.30672 0.0582883 0
2.84675 0.25492 0.36339 0.655771 0.226392 0.0781896 0
2.84675 0.25492 0.36339 0.845137 0.250551 0.0876332 0
2.84675 0.25492 0.36339 1.07511 0.406645 0.0893332 0
2.84675 0.25492 0.36339 1.2906 0.340779 0.0880359 0
2.84675 0.25492 0.36339 1.46594 0.245541 0.107027 0
2.84675 0.25492 0.36339 1.66292 0.236361 0.0910811 0
2.84675 0.25492 0.36339 1.85466 0.370924 0.106474 0
2.84675 0.25492 0.36339 2.06369 0.337187 0.113928 0
2.84675 0.25492 0.36339 2.29476 0.109135 0.12275 0
2.84675 0.25492 0.36339 2.48392 0.269338 0.103005 0
2.84675 0.25492 0.36339 2.70074 0.253529 0.102543 0
2.84675 0.25492 0.36339 2.95627 0.0682678 0.105619 0
2.84675 0.25492 0.36339 3.20956 0.20417 0.109167 0
2.84675 0.25492 0.36339 3.46215 0.126958 0.111001 0
2.84675 0.25492 0.36339 3.73393 -0.0576792 0.120167 0
2.84675 0.25492 0.36339 4.08145 -0.29913 0.125427 0
2.84675 0.25492 0.36339 4.53245 -0.414196 0.117978 0
2.84675 0.25492 0.36339 4.98032 -0.349038 0.126049 0
2.84675 0.25492 0.36339 5.27035 -0.159716 0.121645 0
2.84675 0.25492 0.36339 5.63035 -0.125003 0.128193 0
2.84675 0.25492 0.36339 5.88938 -0.21333 0.0868961 0
2.84675 0.25492 0.36339 6.13446 -0.0581009 0.0367589 0
2.84042 0.38551 0.48235 0.086753 0.196656 0.123095 0
2.84042 0.38551 0.48235 0.285335 0.103918 0.131921 0
2.84042 0.38551 0.48235 0.507376 0.174353 0.123937 0
2.84042 0.38551 0.48235 0.712145 0.021188 0.149757 0
2.84042 0.38551 0.48235 0.992169 0.107314 0.17237 0
2.84042 0.38551 0.48235 1.49646 0.347264 0.155313 0
2.84042 0.38551 0.48235 2.09241 -0.0191113 0.160996 0
2.84042 0.38551 0.48235 2.68686 0.604206 0.109218 0
2.84042 0.38551 0.48235 4.02121 0.01462 0.18444 0
2.84042 0.38551 0.48235 4.71026 -0.608561 0.308517 0
2.84042 0.38551 0.48235 5.32968 -0.507178 0.252349 0
2.84042 0.38551 0.48235 5.77096 -0.208043 0.129282 0
2.84042 0.38551 0.48235 6.00828 -0.0911272 0.114589 0
2.84042 0.38551 0.48235 6.19189 0.0323606 0.108437 0
2.66791 0.18912 0.57114 0.144072 0.0251759 0.0781657 0
2.66791 0.18912 0.57114 0.360355 0.0784711 0.0501879 0
2.66791 0.18912 0.57114 0.541379 0.133648 0.030549 0
2.66791 0.18912 0.57114 0.696581 0.107609 0.055089 0
2.66791 0.18912 0.57114 0.986054 0.412484 0.167447 0
2.66791 0.18912 0.57114 1.81117 0.0957481 0.147789 0
2.66791 0.18912 0.57114 2.26443 0.0806587 0.106255 0
2.66791 0.18912 0.57114 2.58262 0.117655 0.122767 0
2.66791 0.18912 0.57114 2.82121 -0.00831978 0.119372 0
2.66791 0.18912 0.57114 3.09607 -0.0198615 0.131796 0
2.66791 0.18912 0.57114 3.54444 -0.0432112 0.137019 0
2.66791 0.18912 0.57114 4.29474 -0.238416 0.109733 0
2.66791 0.18912 0.57114 4.66152 -0.145521 0.100432 0
2.66791 0.18912 0.57114 4.90312 -0.249366 0.110324 0
2.66791 0.18912 0.57114 5.38362 -0.0736565 0.10894 0
2.66791 0.18912 0.57114 5.64258 -0.155127 0.0404981 0
2.66791 0.18912 0.57114 5.79823 -0.156104 0.0319755 0
2.66791 0.18912 0.57114 5.98196 -0.155465 0.0555794 0
2.66791 0.18912 0.57114 6.17793 -0.333651 0.0983737 0
2.83258 0.25276 0.63345 0.0937657 0.0792092 0.0393574 0
2.83258 0.25276 0.63345 0.282175 0.0764758 0.0458828 0
2.83258 0.25276 0.63345 0.455119 0.14198 0.0613089 0
2.83258 0.25276 0.63345 0.80315 0.17364 0.139989 0
2.83258 0.25276 0.63345 1.39582 0.350738 0.13982 0
2.83258 0.25276 0.63345 1.78409 0.255801 0.133757 0
2.83258 0.25276 0.63345 2.05741 -0.0571804 0.148746 0
2.83258 0.25276 0.63345 2.3668 0.324094 0.121484 0
2.83258 0.25276 0.63345 2.60138 0.0155559 0.140999 0
2.83258 0.25276 0.63345 2.79942 -0.0129524 0.151569 0
2.83258 0.25276 0.63345 3.01037 0.136396 0.125207 0
2.83258 0.25276 0.63345 3.26866 -0.165102 0.113672 0
2.83258 0.25276 0.63345 3.51398 0.163303 0.135034 0
2.83258 0.25276 0.63345 3.79796 0.215648 0.134367 0
2.83258 0.25276 0.63345 4.22496 -0.305416 0.139958 0
2.83258 0.25276 0.63345 4.67697 -0.275136 0.136149 0
2.83258 0.25276 0.63345 4.99321 -0.458816 0.114695 0
2.83258 0.25276 0.63345 5.24964 -0.340309 0.104904 0
2.83258 0.25276 0.63345 5.43302 -0.21507 0.102344 0
2.83258 0.25276 0.63345 5.67195 -0.35309 0.123278 0
2.83258 0.25276 0.63345 5.88491 -0.0796444 0.0571273 0
2.83258 0.25276 0.63345 6.12495 -0.0603141 0.0307155 0
2.83377 0.38373 0.74324 0.0887072 0.177031 0.114857 0
2.83377 0.38373 0.74324 0.369572 0.105824 0.138207 0
2.83377 0.38373 0.74324 0.842264 0.504912 0.225255 0
2.83377 0.38373 0.74324 1.5318 -0.176651 0.272971 0
2.83377 0.38373 0.74324 2.01951 -0.181869 0.179937 0
2.83377 0.38373 0.74324 2.54828 -0.00967043 0.19181 0
2.83377 0.38373 0.74324 3.21377 -0.43267 0.22445 0
2.83377 0.38373 0.74324 3.78857 -0.221404 0.231701 0
2.83377 0.38373 0.74324 4.44574 -0.0850938 0.200173 0
2.83377 0.38373 0.74324 5.13248 -0.221054 0.235251 0
2.83377 0.38373 0.74324 5.79623 -0.0936543 0.176012 0
2.83377 0.38373 0.74324 6.16243 -0.0694834 0.123396 0
2.69315 0.18641 1.29387 0.189062 0.0692929 0.0891558 0
2.69315 0.18641 1.29387 0.423035 0.0545483 0.0580326 0
2.69315 0.18641 1.29387 0.57292 0.204003 0.085067 0
2.69315 0.18641 1.29387 1.11462 0.201962 0.17688 0
2.69315 0.18641 1.29387 2.87867 -0.0302977 0.217843 0
2.69315 0.18641 1.29387 4.79917 -0.0656326 0.141314 0
2.69315 0.18641 1.29387 5.54188 -0.146145 0.141808 0
2.69315 0.18641 1.29387 5.82034 0.0301089 0.0542717 0
2.69315 0.18641 1.29387 5.97298 0.168602 0.0808834 0
2.69315 0.18641 1.29387 6.1773 -0.0847305 0.115573 0
2.81817 0.26031 1.32531 0.0926961 -0.145514 0.0974333 0
2.81817 0.26031 1.32531 0.284348 0.0833711 0.0560915 0
2.81817 0.26031 1.32531 0.448828 0.169593 0.0997444 0
2.81817 0.26031 1.32531 0.802391 0.272393 0.11562 0
2.81817 0.26031 1.32531 1.26488 0.118556 0.151613 0
2.81817 0.26031 1.32531 1.90065 0.0431 0.298643 0
2.81817 0.26031 1.32531 2.46675 0.231928 0.137675 0
2.81817 0.26031 1.32531 2.85716 -0.0295583 0.14673 0
2.81817 0.26031 1.32531 3.23532 0.0267461 0.159911 0
2.81817 0.26031 1.32531 3.74575 0.0870715 0.182805 0
2.81817 0.26031 1.32531 4.40522 0.0185462 0.176053 0
2.81817 0.26031 1.32531 4.88939 0.0961363 0.165154 0
2.81817 0.26031 1.32531 5.30361 -0.228615 0.142159 0
2.81817 0.26031 1.32531 5.62508 -0.104514 0.124091 0
2.81817 0.26031 1.32531 5.89616 -0.125472 0.0715106 0
2.81817 0.26031 1.32531 6.0871 -0.0531918 0.0446285 0
2.86773 0.38398 1.42667 0.241489 -0.100172 0.16518 0
2.86773 0.38398 1.42667 2.14162 0.171526 0.255922 0
2.86773 0.38398 1.42667 4.12494 0.0126767 0.304294 0
2.86773 0.38398 1.42667 5.41746 -0.325731 0.279474 0
2.86773 0.38398 1.42667 5.91723 -0.208727 0.150423 0
3.65053 0.26778 0.23381 0.0921145 0.0511268 0.0567556 0
3.65053 0.26778 0.23381 0.278015 0.1181 0.0665383 0
3.65053 0.26778 0.23381 0.463847 -0.0987349 0.0837053 0
3.65053 0.26778 0.23381 0.649924 -0.0192093 0.119121 0
3.65053 0.26778 0.23381 0.843554 0.364558 0.0968653 0
3.65053 0.26778 0.23381 1.03583 -0.0724256 0.125285 0
3.65053 0.26778 0.23381 1.22691 0.383826 0.0988174 0
3.65053 0.26778 0.23381 1.41398 0.0906635 0.124786 0
3.65053 0.26778 0.23381 1.64826 0.363537 0.0934185 0
3.65053 0.26778 0.23381 2.07215 0.353897 0.0823257 0
3.65053 0.26778 0.23381 2.70243 -0.0976375 0.108626 0
3.65053 0.26778 0.23381 3.27769 0.0210035 0.127069 0
3.65053 0.26778 0.23381 3.9092 -0.0340068 0.136369 0
3.65053 0.26778 0.23381 4.60671 -0.193045 0.164653 0
3.65053 0.26778 0.23381 5.26475 -0.361004 0.132202 0
3.65053 0.26778 0.23381 5.63857 -0.186677 0.128481 0
3.65053 0.26778 0.23381 5.81813 -0.158087 0.101202 0
3.65053 0.26778 0.23381 6.0053 -0.10079 0.0645162 0
3.65053 0.26778 0.23381 6.19081 0.00285165 0.0571805 0
4.07611 0.41038 0.35158 0.0981302 0.0470818 0.100447 0
4.07611 0.41038 0.35158 0.284306 0.251311 0.0932028 0
4.07611 0.41038 0.35158 0.471897 0.322697 0.0941658 0
4.07611 0.41038 0.35158 0.656792 0.321751 0.125553 0
4.07611 0.41038 0.35158 0.849009 0.250937 0.139276 0
4.07611 0.41038 0.35158 1.05609 0.341578 0.113736 0
4.07611 0.41038 0.35158 1.35142 0.239653 0.106293 0
4.07611 0.41038 0.35158 1.66214 -0.161205 0.186346 0
4.07611 0.41038 0.35158 2.07836 0.141065 0.126012 0
4.07611 0.41038 0.35158 2.61172 0.101678 0.148114 0
4.07611 0.41038 0.35158 3.33815 0.111447 0.136142 0
4.07611 0.41038 0.35158 4.01788 -0.371198 0.208519 0
4.07611 0.41038 0.35158 4.62448 0.0557152 0.125606 0
4.07611 0.41038 0.35158 4.98412 -0.32379 0.135149 0
4.07611 0.41038 0.35158 5.32218 -0.0766788 0.134883 0
4.07611 0.41038 0.35158 5.59995 -0.0782862 0.144032 0
4.07611 0.41038 0.35158 5.81591 -0.167092 0.130196 0
4.07611 0.41038 0.35158 6.00053 -0.204259 0.125983 0
4.07611 0.41038 0.35158 6.18526 -0.0364136 0.0893972 0
3.73571 0.26564 0.37634 0.095493 0.00693138 0.0325433 0
3.73571 0.26564 0.37634 0.2809 0.087272 0.0340124 0
3.73571 0.26564 0.37634 0.461172 0.170162 0.0393496 0
3.73571 0.26564 0.37634 0.646582 0.26366 0.0727745 0
3.73571 0.26564 0.37634 0.837572 0.28674 0.107549 0
3.73571 0.26564 0.37634 1.12471 0.47386 0.073866 0
3.73571 0.26564 0.37634 1.35395 0.45042 0.0970223 0
3.73571 0.26564 0.37634 1.53943 0.345713 0.0893954 0
3.73571 0.26564 0.37634 1.72598 0.29542 0.0923348 0
3.73571 0.26564 0.37634 1.94035 0.275971 0.0965019 0
3.73571 0.26564 0.37634 2.22987 0.372968 0.086854 0
3.73571 0.26564 0.37634 2.51381 0.337962 0.0892684 0
3.73571 0.26564 0.37634 2.82639 0.190433 0.107669 0
3.73571 0.26564 0.37634 3.17002 0.0174803 0.099779 0
3.73571 0.26564 0.37634 3.55008 -0.133777 0.117863 0
3.73571 0.26564 0.37634 4.05932 -0.16055 0.11077 0
3.73571 0.26564 0.37634 4.46237 -0.246107 0.110439 0
3.73571 0.26564 0.37634 4.84337 -0.00921451 0.134881 0
3.73571 0.26564 0.37634 5.19753 -0.179358 0.113728 0
3.73571 0.26564 0.37634 5.57974 -0.194413 0.118869 0
3.73571 0.26564 0.37634 5.76052 -0.11886 0.0496108 0
3.73571 0.26564 0.37634 5.94057 -0.0609675 0.0377428 0
3.73571 0.26564 0.37634 6.15781 -0.0363415 0.029286 0
4.0527 0.40009 0.50901 0.0908405 0.0409622 0.0890549 0
4.0527 0.40009 0.50901 0.288087 0.0499413 0.086866 0
4.0527 0.40009 0.50901 0.468782 0.166798 0.0891173 0
4.0527 0.40009 0.50901 0.655218 0.200614 0.0973993 0
4.0527 0.40009 0.50901 0.84398 0.2559 0.105491 0
4.0527 0.40009 0.50901 1.06975 0.213033 0.112751 0
4.0527 0.40009 0.50901 1.31354 0.13666 0.14538 0
4.0527 0.40009 0.50901 1.59072 0.0778052 0.171202 0
4.0527 0.40009 0.50901 2.06584 0.475538 0.124285 0
4.0527 0.40009 0.50901 2.68062 -0.137962 0.179284 0
4.0527 0.40009 0.50901 3.37619 0.06605 0.124123 0
4.0527 0.40009 0.50901 3.97035 -0.192334 0.163466 0
4.0527 0.40009 0.50901 4.56693 -0.264531 0.147559 0
4.0527 0.40009 0.50901 5.07341 -0.259074 0.146275 0
4.0527 0.40009 0.50901 5.49422 -0.198411 0.125525 0
4.0527 0.40009 0.50901 5.78813 -0.317473 0.105706 0
4.0527 0.40009 0.50901 6.00315 -0.101644 0.0847821 0
4.0527 0.40009 0.50901 6.19028 0.0899351 0.078757 0
3.8023 0.27187 0.64104 0.0969459 0.0787965 0.0392041 0
3.8023 0.27187 0.64104 0.287311 0.0302982 0.0383737 0
3.8023 0.27187 0.64104 0.469087 0.0761432 0.0360484 0
3.8023 0.27187 0.64104 0.631774 0.178237 0.066638 0
3.8023 0.27187 0.64104 1.11061 0.171662 0.113116 0
3.8023 0.27187 0.64104 1.59044 0.173902 0.110484 0
3.8023 0.27187 0.64104 1.91221 -0.0302342 0.132991 0
3.8023 0.27187 0.64104 2.30207 0.342648 0.10418 0
3.8023 0.27187 0.64104 2.63764 0.113748 0.115129 0
3.8023 0.27187 0.64104 2.88045 -0.023495 0.118537 0
3.8023 0.27187 0.64104 3.20398 -0.00157981 0.125757 0
3.8023 0.27187 0.64104 3.59154 0.145221 0.129775 0
3.8023 0.27187 0.64104 4.17357 -0.126623 0.123021 0
3.8023 0.27187 0.64104 4.56326 -0.222095 0.10392 0
3.8023 0.27187 0.64104 4.81274 0.0560238 0.124762 0
3.8023 0.27187 0.64104 5.02365 -0.150521 0.119026 0
3.8023 0.27187 0.64104 5.3207 -0.297347 0.101156 0
3.8023 0.27187 0.64104 5.64727 -0.136018 0.0759954 0
3.8023 0.27187 0.64104 5.81431 -0.153913 0.0345073 0
3.8023 0.27187 0.64104 5.99572 -0.150506 0.0356473 0
3.8023 0.27187 0.64104 6.18349 -0.0328286 0.0394154 0
4.09765 0.40697 0.78327 0.0842596 0.144509 0.0921526 0
4.09765 0.40697 0.78327 0.277027 0.261773 0.10774 0
4.09765 0.40697 0.78327 0.477088 0.189717 0.110576 0
4.09765 0.40697 0.78327 0.655982 0.101756 0.134151 0
4.09765 0.40697 0.78327 0.901032 0.140582 0.152441 0
4.09765 0.40697 0.78327 1.28036 0.300633 0.13854 0
4.09765 0.40697 0.78327 1.68687 0.342338 0.143944 0
4.09765 0.40697 0.78327 2.01219 -0.00876079 0.179501 0
4.09765 0.40697 0.78327 2.30021 -0.075202 0.167795 0
4.09765 0.40697 0.78327 2.62445 0.247526 0.112557 0
4.09765 0.40697 0.78327 3.14531 -0.257792 0.139193 0
4.09765 0.40697 0.78327 3.62974 -0.124568 0.165145 0
4.09765 0.40697 0.78327 4.07719 -0.0427096 0.165416 0
4.09765 0.40697 0.78327 4.57045 -0.285722 0.179772 0
4.09765 0.40697 0.78327 5.24959 -0.30796 0.168794 0
4.09765 0.40697 0.78327 5.78905 -0.138556 0.129607 0
4.09765 0.40697 0.78327 6.1529 0.118355 0.0775802 0
3.82223 0.28079 1.40738 0.0954129 0.005892 0.0925955 0
3.82223 0.28079 1.40738 0.298118 0.00628953 0.0615553 0
3.82223 0.28079 1.40738 0.46306 0.0595455 0.0504385 0
3.82223 0.28079 1.40738 0.704652 0.149593 0.111152 0
3.82223 0.28079 1.40738 1.259 0.108571 0.118607 0
3.82223 0.28079 1.40738 1.91226 0.544523 0.238439 0
3.82223 0.28079 1.40738 2.6037 -0.155542 0.165412 0
3.82223 0.28079 1.40738 3.08584 -0.348308 0.137935 0
3.82223 0.28079 1.40738 3.74967 -0.409167 0.195079 0
3.82223 0.28079 1.40738 4.45312 0.0493021 0.147324 0
3.82223 0.28079 1.40738 4.99602 -0.215604 0.151021 0
3.82223 0.28079 1.40738 5.53996 -0.247324 0.125897 0
3.82223 0.28079 1.40738 5.8257 -0.0865828 0.0524759 0
3.82223 0.28079 1.40738 5.9797 -0.0885532 0.0550809 0
3.82223 0.28079 1.40738 6.18121 -0.0635241 0.0828664 0
4.15476 0.40258 1.71891 0.0943733 0.19314 0.0885936 0
4.15476 0.40258 1.71891 0.338729 0.252487 0.121625 0
4.15476 0.40258 1.71891 0.972377 -0.301709 0.204879 0
4.15476 0.40258 1.71891 1.58191 0.0253612 0.257143 0
4.15476 0.40258 1.71891 2.07336 0.00452792 0.191977 0
4.15476 0.40258 1.71891 2.50891 0.273953 0.1341 0
4.15476 0.40258 1.71891 3.06998 0.174142 0.136185 0
4.15476 0.40258 1.71891 3.65225 -0.0537419 0.186962 0
4.15476 0.40258 1.71891 4.35451 -0.298676 0.20148 0
4.15476 0.40258 1.71891 4.92066 0.0188647 0.21308 0
4.15476 0.40258 1.71891 5.45344 -0.28118 0.154406 0
4.15476 0.40258 1.71891 5.87833 -0.0955593 0.0954387 0
4.15476 0.40258 1.71891 6.16276 -0.0931545 0.0863147 0
5.94066 0.45489 0.41789 0.150142 0.102381 0.121604 0
5.94066 0.45489 0.41789 0.436988 -0.0188744 0.155205 0
5.94066 0.45489 0.41789 0.765659 0.216617 0.112811 0
5.94066 0.45489 0.41789 1.1225 0.21921 0.0977145 0
5.94066 0.45489 0.41789 1.60566 0.360033 0.0856143 0
5.94066 0.45489 0.41789 2.23924 0.152528 0.158167 0
5.94066 0.45489 0.41789 4.14895 -0.0803973 0.176228 0
5.94066 0.45489 0.41789 4.7931 -0.458683 0.17374 0
5.94066 0.45489 0.41789 5.36136 -0.152424 0.105419 0
5.94066 0.45489 0.41789 6.02364 -0.0109414 0.0893116 0
5.78181 0.43507 0.57296 0.129985 0.107154 0.118916 0
5.78181 0.43507 0.57296 0.418357 0.0850094 0.111599 0
5.78181 0.43507 0.57296 0.815498 0.231968 0.106133 0
5.78181 0.43507 0.57296 1.31299 0.386031 0.0868836 0
5.78181 0.43507 0.57296 1.87577 0.457585 0.125493 0
5.78181 0.43507 0.57296 3.79579 -0.262862 0.186926 0
5.78181 0.43507 0.57296 4.43774 -0.224471 0.162575 0
5.78181 0.43507 0.57296 5.02813 -0.302929 0.203322 0
5.78181 0.43507 0.57296 5.68106 -0.222589 0.119596 0
5.78181 0.43507 0.57296 6.11198 0.00435166 0.101593 0
5.73104 0.4153 0.81801 0.0915991 0.00696017 0.0901595 0
5.73104 0.4153 0.81801 0.281788 0.179663 0.0953806 0
5.73104 0.4153 0.81801 0.52454 0.208626 0.122514 0
5.73104 0.4153 0.81801 1.0852 0.240605 0.127413 0
5.73104 0.4153 0.81801 1.69185 0.320318 0.117563 0
5.73104 0.4153 0.81801 2.27506 -0.0554102 0.176181 0
5.73104 0.4153 0.81801 2.91762 -0.0350744 0.196677 0
5.73104 0.4153 0.81801 3.53647 -0.119202 0.195571 0
5.73104 0.4153 0.81801 4.24431 -0.567327 0.215921 0
5.73104 0.4153 0.81801 4.87169 -0.302393 0.175484 0
5.73104 0.4153 0.81801 5.45667 -0.0755033 0.12652 0
5.73104 0.4153 0.81801 5.9349 -0.00326229 0.107491 0
5.73104 0.4153 0.81801 6.16442 -0.166671 0.077438 0
5.88232 0.43608 1.8332 0.0906109 -0.114737 0.125838 0
5.88232 0.43608 1.8332 0.291026 0.181528 0.0757486 0
5.88232 0.43608 1.8332 0.535528 0.287659 0.0995628 0
5.88232 0.43608 1.8332 1.25659 0.187699 0.135272 0
5.88232 0.43608 1.8332 1.92528 0.192555 0.218142 0
5.88232 0.43608 1.8332 2.49348 0.0443024 0.256482 0
5.88232 0.43608 1.8332 3.16697 0.469828 0.191509 0
5.88232 0.43608 1.8332 3.7934 -0.605469 0.33134 0
5.88232 0.43608 1.8332 4.42588 -0.19344 0.199536 0
5.88232 0.43608 1.8332 4.98 -0.207982 0.163604 0
5.88232 0.43608 1.8332 5.58014 0.212485 0.122316 0
5.88232 0.43608 1.8332 5.93473 -0.234214 0.0833714 0
5.88232 0.43608 1.8332 6.14713 0.0970322 0.102245 0
7.16866 0.61524 2.73428 0.274581 0.242551 0.162573 0
7.16866 0.61524 2.73428 0.939422 0.237649 0.221741 0
7.16866 0.61524 2.73428 4.76987 0.355816 0.278165 0
7.16866 0.61524 2.73428 5.37179 -0.179979 0.200663 0
7.16866 0.61524 2.73428 6.04618 0.133889 0.154548 0
