id = 150
editor = KK

### Experiment

collaboration = CLAS
process = ep2epgamma
exptype = fixed target
year = 2022
reference = arXiv:2211.11274 
inspiretex = CLAS:2022syx
reference2 = F.T. by K.K.


### Scattering Process

frame = Trento

in1particle = em
in1energyunit = GeV
in1polarizationvector = L
in1polarization = +1

in2particle = p

out1particle = em
out2particle = p
out3particle = gamma


### Observable 
# A_{LU}


y1name = ALU
y1namelong = Beam Spin Asymmetry
y1unit = 1
y1value = column5
y1errorstatistic = column6 
# y1errorsystematic = column7 


### x-axes

x1name = Q2
x1unit = GeV^2
x1value = column1

x2name = xB
x2unit = 1
x2value = column2

x3name = tm
x3unit = GeV^2
x3value = column3

x4name = FTn
x4unit = 1
x4value = -1

x5name = in1energy
x5unit = GeV
x5value = column4

### Data
#
#  CLAS 2023 ALU
#  Problematic bins commented out, see the corresponding
#  Jupyter notebook for details.
############################################################
# Q2_center xB_center tm_center in1energy  FTval FTerr FTerrsyst??
############################################################
1.170058   0.093968   0.155121       10.6  0.250 0.019     0.000
1.202878   0.162637   0.167173       10.6  0.284 0.028     0.000
#1.231206   0.238805   0.188716       10.6 -0.062 0.113     0.000
1.170984   0.098293   0.290262       10.6  0.175 0.019     0.000
1.206647   0.157480   0.322771       10.6  0.215 0.036     0.000
1.230546   0.239511   0.342668       10.6  0.198 0.138     0.000
1.160691   0.098075   0.559418       10.6  0.133 0.023     0.000
1.201391   0.160753   0.580993       10.6  0.085 0.034     0.000
1.222974   0.235021   0.639386       10.6  0.130 0.211     0.000
1.169714   0.097021   1.053155       10.6  0.130 0.061     0.000
1.216369   0.158679   1.091828       10.6 -0.059 0.093     0.000
1.558406   0.111996   0.157292       10.6  0.259 0.031     0.000
#1.606857   0.162378   0.170491       10.6  0.285 0.025     0.000
1.607223   0.254842   0.198018       10.6  0.269 0.092     0.000
1.545487   0.114084   0.288314       10.6  0.201 0.028     0.000
1.605757   0.155986   0.314251       10.6  0.309 0.029     0.000
1.604118   0.256776   0.351141       10.6  0.355 0.093     0.000
1.549721   0.113044   0.561283       10.6  0.119 0.037     0.000
1.597347   0.161691   0.582243       10.6  0.244 0.036     0.000
1.605621   0.250154   0.644069       10.6  0.144 0.066     0.000
1.558666   0.111841   1.066591       10.6  0.194 0.172     0.000
1.595774   0.162601   1.127041       10.6  0.098 0.085     0.000
2.014790   0.140010   0.165079       10.6  0.274 0.034     0.000
2.118195   0.198958   0.184446       10.6  0.333 0.029     0.000
2.115799   0.308582   0.238606       10.6  0.073 0.142     0.000
2.013471   0.142582   0.299876       10.6  0.193 0.038     0.000
2.129308   0.193073   0.328789       10.6  0.275 0.035     0.000
#2.129902   0.308246   0.395755       10.6  0.216 0.077     0.000
2.006247   0.142434   0.566322       10.6  0.192 0.043     0.000
2.108368   0.195273   0.597117       10.6  0.191 0.039     0.000
2.119497   0.310982   0.674779       10.6  0.045 0.114     0.000
#2.018946   0.141519   1.154411       10.6 -0.078 0.104     0.000
2.101426   0.202764   1.212436       10.6  0.192 0.080     0.000
2.149841   0.299894   1.259101       10.6  0.157 0.141     0.000
2.671972   0.182142   0.183036       10.6  0.197 0.038     0.000
2.795778   0.258373   0.215266       10.6  0.339 0.037     0.000
2.826741   0.385267   0.315063       10.6  0.202 0.092     0.000
2.684992   0.185708   0.321062       10.6  0.211 0.033     0.000
2.846752   0.254920   0.363393       10.6  0.328 0.031     0.000
#2.840416   0.385508   0.482353       10.6  0.324 0.086     0.000
2.667909   0.189123   0.571143       10.6  0.206 0.043     0.000
2.832583   0.252760   0.633446       10.6  0.264 0.042     0.000
2.833772   0.383733   0.743243       10.6  0.114 0.097     0.000
2.693149   0.186406   1.293869       10.6  0.096 0.146     0.000
2.818171   0.260309   1.325306       10.6  0.094 0.076     0.000
2.867726   0.383983   1.426666       10.6  0.226 0.185     0.000
3.650528   0.267785   0.233807       10.6  0.226 0.043     0.000
4.076113   0.410382   0.351576       10.6  0.184 0.055     0.000
3.735715   0.265639   0.376338       10.6  0.323 0.030     0.000
4.052696   0.400095   0.509015       10.6  0.246 0.054     0.000
3.802295   0.271872   0.641043       10.6  0.161 0.038     0.000
4.097649   0.406973   0.783272       10.6  0.226 0.058     0.000
#3.822233   0.280787   1.407379       10.6  0.226 0.074     0.000
4.154765   0.402580   1.718909       10.6  0.105 0.084     0.000
5.940658   0.454891   0.417890       10.6  0.267 0.065     0.000
5.781811   0.435067   0.572955       10.6  0.359 0.067     0.000
5.731041   0.415303   0.818011       10.6  0.293 0.071     0.000
#5.882317   0.436083   1.833195       10.6  0.237 0.087     0.000
#7.168656   0.615242   2.734282       10.6 -0.377 0.291     0.000
#1.354109   0.098347   0.149313       10.2  0.773 0.172     0.000
#1.355246   0.098560   0.281665       10.2  0.764 0.398     0.000
#1.589453   0.115313   0.154219       10.2  0.182 0.045     0.000
1.696654   0.151441   0.171997       10.2  0.299 0.050     0.000
#1.709302   0.251822   0.196854       10.2  0.671 0.121     0.000 # had problems
1.576064   0.115910   0.281584       10.2  0.236 0.053     0.000
#1.681418   0.147630   0.305961       10.2  0.366 0.069     0.000
1.580863   0.114347   0.563821       10.2  0.098 0.053     0.000
1.674714   0.154275   0.568730       10.2  0.114 0.082     0.000
#1.588316   0.114659   1.038127       10.2  4.192 3.545     0.000
#2.007384   0.142239   0.163730       10.2  0.190 0.049     0.000
#2.152467   0.196357   0.184275       10.2  0.282 0.029     0.000
#2.148355   0.309725   0.237910       10.2  0.448 0.123     0.000
1.992040   0.145938   0.296064       10.2  0.344 0.043     0.000
2.161056   0.189654   0.326524       10.2  0.223 0.039     0.000
2.156849   0.309509   0.390735       10.2  0.322 0.079     0.000
1.984675   0.145385   0.569293       10.2  0.181 0.054     0.000
2.131959   0.192998   0.599073       10.2  0.223 0.043     0.000
2.172328   0.309551   0.654313       10.2  0.166 0.283     0.000
2.012117   0.143512   1.094274       10.2  0.207 0.180     0.000
2.118781   0.200592   1.182921       10.2  0.038 0.079     0.000
2.641486   0.184819   0.185474       10.2  0.239 0.045     0.000
2.795166   0.261540   0.218319       10.2  0.405 0.035     0.000
2.839677   0.386032   0.314478       10.2  0.200 0.067     0.000
2.655306   0.189226   0.324989       10.2  0.297 0.041     0.000
#2.864032   0.253616   0.362494       10.2  0.295 0.029     0.000
2.850990   0.382219   0.473438       10.2  0.241 0.082     0.000
2.626814   0.191228   0.579196       10.2  0.215 0.055     0.000
2.850869   0.248593   0.629512       10.2  0.317 0.040     0.000
#2.885186   0.390504   0.744827       10.2  0.154 0.090     0.000
2.830275   0.260625   1.287325       10.2  0.087 0.079     0.000
3.606593   0.277374   0.240221       10.2  0.180 0.054     0.000
#4.074731   0.411647   0.344345       10.2  0.244 0.045     0.000
3.693818   0.271365   0.379214       10.2  0.251 0.035     0.000
4.041459   0.401738   0.507204       10.2  0.299 0.045     0.000
3.766105   0.277225   0.644421       10.2  0.226 0.045     0.000
#4.116291   0.407382   0.785554       10.2  0.302 0.064     0.000
3.762304   0.282597   1.398766       10.2  0.149 0.115     0.000
4.199933   0.407791   1.655253       10.2  0.129 0.093     0.000
5.846323   0.461464   0.423602       10.2  0.175 0.060     0.000
5.808171   0.457166   0.608410       10.2  0.379 0.062     0.000
5.757529   0.439655   0.854354       10.2  0.129 0.087     0.000
#5.922177   0.450291   2.123891       10.2  0.168 0.146     0.000
