id = 183
editor = MH

## data were obtained from phi fitting

### Experiment

collaboration = CLAS
process = ep2epgamma
exptype = fixed target
year = 2022
reference = arxiv.org/pdf/2211.11274
inspiretex = CLAS:2022syx
reference2 = F.T. by M.H. 

### Scattering Process

frame = Trento

in1particle = em
in1energy = 10.6
in1energyunit = GeV
in1polarizationvector = L
in1polarization = +1

in2particle = p

out1particle = em
out2particle = p
out3particle = gamma


### Observable 
# A_{LU}


y1name = ALU
y1namelong = Beam Spin Asymmetry
y1unit = 1
y1value = column4
y1errorstatistic = column5 
y1errorsystematic = column6 
# only statistical error is given to us so syst error is 0

### x-axes

x1name = xB
x1unit = 1
x1value = column2

x2name = Q2
x2unit = GeV^2
x2value = column1

x3name = tm
x3unit = GeV^2
x3value = column3

x4name = FTn
x4unit = 1
x4value = -1
`

### Data
#
#  CLAS 2022 ALU
#                                       error
#   Q2      xB     -t      val    errstat   errsyst
#################################################################
1.17006 0.09397 0.15512 -0.004015 0.015353      0.0
1.17006 0.09397 0.15512  0.063576 0.016478      0.0
1.17006 0.09397 0.15512  0.098354 0.017340      0.0
1.17006 0.09397 0.15512  0.145918 0.016812      0.0
1.17006 0.09397 0.15512  0.165289 0.018380      0.0
1.17006 0.09397 0.15512  0.226742 0.022066      0.0
1.17006 0.09397 0.15512  0.170445 0.035881      0.0
1.17006 0.09397 0.15512  0.201054 0.051292      0.0
1.17006 0.09397 0.15512  0.196896 0.068945      0.0
1.17006 0.09397 0.15512  0.195160 0.080646      0.0
1.17006 0.09397 0.15512  0.220570 0.058886      0.0
1.17006 0.09397 0.15512  0.102624 0.059352      0.0
1.17006 0.09397 0.15512  0.153486 0.046084      0.0
1.17006 0.09397 0.15512  0.197954 0.047678      0.0
1.17006 0.09397 0.15512  0.094459 0.047890      0.0
1.17006 0.09397 0.15512 -0.000287 0.058113      0.0
1.17006 0.09397 0.15512  0.051989 0.064546      0.0
1.17006 0.09397 0.15512 -0.093807 0.069521      0.0
1.17006 0.09397 0.15512 -0.002751 0.067540      0.0
1.17006 0.09397 0.15512 -0.181496 0.085861      0.0
1.17006 0.09397 0.15512 -0.434516 0.101771      0.0
1.17006 0.09397 0.15512 -0.396749 0.129083      0.0
1.17006 0.09397 0.15512 -0.138658 0.057839      0.0
1.17006 0.09397 0.15512 -0.209361 0.031957      0.0
1.17006 0.09397 0.15512 -0.213470 0.021098      0.0
1.17006 0.09397 0.15512 -0.153312 0.018898      0.0
1.17006 0.09397 0.15512 -0.096404 0.017923      0.0
1.17006 0.09397 0.15512 -0.152948 0.018952      0.0
1.17006 0.09397 0.15512 -0.042887 0.015706      0.0
1.20288 0.16264 0.16717  0.007888 0.040446      0.0
1.20288 0.16264 0.16717  0.111085 0.035762      0.0
1.20288 0.16264 0.16717  0.139750 0.041485      0.0
1.20288 0.16264 0.16717  0.253767 0.049478      0.0
1.20288 0.16264 0.16717  0.245527 0.071006      0.0
1.20288 0.16264 0.16717  0.368885 0.066258      0.0
1.20288 0.16264 0.16717  0.186504 0.101813      0.0
1.20288 0.16264 0.16717  0.262475 0.081588      0.0
1.20288 0.16264 0.16717  0.369252 0.084517      0.0
1.20288 0.16264 0.16717  0.278611 0.079012      0.0
1.20288 0.16264 0.16717  0.191706 0.095367      0.0
1.20288 0.16264 0.16717  0.147830 0.080802      0.0
1.20288 0.16264 0.16717  0.379569 0.063099      0.0
1.20288 0.16264 0.16717 -0.004863 0.106568      0.0
1.20288 0.16264 0.16717  0.043200 0.096105      0.0
1.20288 0.16264 0.16717  0.009263 0.099682      0.0
1.20288 0.16264 0.16717 -0.033841 0.097404      0.0
1.20288 0.16264 0.16717 -0.111513 0.114352      0.0
1.20288 0.16264 0.16717 -0.404022 0.129525      0.0
1.20288 0.16264 0.16717 -0.118507 0.100433      0.0
1.20288 0.16264 0.16717 -0.080476 0.073445      0.0
1.20288 0.16264 0.16717 -0.073838 0.031501      0.0
1.23121 0.23880 0.18872  0.062824 0.076089      0.0
1.23121 0.23880 0.18872  0.049249 0.077194      0.0
1.23121 0.23880 0.18872  0.297452 0.064949      0.0
1.23121 0.23880 0.18872  0.235944 0.084347      0.0
1.23121 0.23880 0.18872  0.285763 0.091484      0.0
1.23121 0.23880 0.18872  0.013071 0.156915      0.0
1.23121 0.23880 0.18872  0.136644 0.170144      0.0
1.23121 0.23880 0.18872 -0.106074 0.138749      0.0
1.23121 0.23880 0.18872 -0.163488 0.119169      0.0
1.23121 0.23880 0.18872 -0.082403 0.070702      0.0
1.17098 0.09829 0.29026  0.058474 0.022620      0.0
1.17098 0.09829 0.29026  0.097389 0.018739      0.0
1.17098 0.09829 0.29026  0.125130 0.015508      0.0
1.17098 0.09829 0.29026  0.159234 0.014061      0.0
1.17098 0.09829 0.29026  0.151797 0.016088      0.0
1.17098 0.09829 0.29026  0.243558 0.029334      0.0
1.17098 0.09829 0.29026  0.022340 0.090008      0.0
1.17098 0.09829 0.29026 -0.002216 0.104319      0.0
1.17098 0.09829 0.29026  0.281879 0.073802      0.0
1.17098 0.09829 0.29026  0.073400 0.062436      0.0
1.17098 0.09829 0.29026  0.019867 0.056601      0.0
1.17098 0.09829 0.29026  0.053414 0.046542      0.0
1.17098 0.09829 0.29026  0.068234 0.043119      0.0
1.17098 0.09829 0.29026 -0.062947 0.044270      0.0
1.17098 0.09829 0.29026 -0.015731 0.051794      0.0
1.17098 0.09829 0.29026 -0.141388 0.064916      0.0
1.17098 0.09829 0.29026 -0.091112 0.075831      0.0
1.17098 0.09829 0.29026 -0.068684 0.080626      0.0
1.17098 0.09829 0.29026 -0.093173 0.101286      0.0
1.17098 0.09829 0.29026 -0.042330 0.119326      0.0
1.17098 0.09829 0.29026  0.005192 0.085459      0.0
1.17098 0.09829 0.29026 -0.328399 0.079002      0.0
1.17098 0.09829 0.29026 -0.199469 0.071967      0.0
1.17098 0.09829 0.29026 -0.326399 0.071054      0.0
1.17098 0.09829 0.29026 -0.187768 0.050089      0.0
1.17098 0.09829 0.29026 -0.192162 0.026398      0.0
1.17098 0.09829 0.29026 -0.139290 0.017828      0.0
1.17098 0.09829 0.29026 -0.171694 0.016263      0.0
1.17098 0.09829 0.29026 -0.136432 0.017219      0.0
1.17098 0.09829 0.29026 -0.029893 0.016879      0.0
1.20665 0.15748 0.32277  0.066987 0.030604      0.0
1.20665 0.15748 0.32277  0.112146 0.045402      0.0
1.20665 0.15748 0.32277  0.222300 0.076508      0.0
1.20665 0.15748 0.32277  0.089556 0.123115      0.0
1.20665 0.15748 0.32277  0.133169 0.117604      0.0
1.20665 0.15748 0.32277  0.229122 0.103194      0.0
1.20665 0.15748 0.32277  0.151947 0.111326      0.0
1.20665 0.15748 0.32277  0.015452 0.112687      0.0
1.20665 0.15748 0.32277  0.023972 0.085434      0.0
1.20665 0.15748 0.32277  0.173589 0.084495      0.0
1.20665 0.15748 0.32277 -0.180139 0.100208      0.0
1.20665 0.15748 0.32277  0.045870 0.084158      0.0
1.20665 0.15748 0.32277 -0.056116 0.107109      0.0
1.20665 0.15748 0.32277 -0.084242 0.088734      0.0
1.20665 0.15748 0.32277  0.107171 0.096964      0.0
1.20665 0.15748 0.32277 -0.015373 0.109757      0.0
1.20665 0.15748 0.32277  0.028210 0.125664      0.0
1.20665 0.15748 0.32277 -0.231368 0.149660      0.0
1.20665 0.15748 0.32277 -0.291731 0.125978      0.0
1.20665 0.15748 0.32277 -0.333396 0.107416      0.0
1.20665 0.15748 0.32277 -0.308636 0.095539      0.0
1.20665 0.15748 0.32277 -0.279221 0.086342      0.0
1.20665 0.15748 0.32277 -0.027258 0.027736      0.0
1.23055 0.23951 0.34267 -0.016888 0.088672      0.0
1.23055 0.23951 0.34267  0.241084 0.075544      0.0
1.23055 0.23951 0.34267  0.108479 0.157647      0.0
1.23055 0.23951 0.34267  0.103166 0.197125      0.0
1.23055 0.23951 0.34267 -0.351830 0.296074      0.0
1.23055 0.23951 0.34267 -0.008447 0.150572      0.0
1.23055 0.23951 0.34267 -0.067066 0.071567      0.0
1.16069 0.09807 0.55942  0.018420 0.056861      0.0
1.16069 0.09807 0.55942  0.107098 0.016509      0.0
1.16069 0.09807 0.55942  0.065940 0.016230      0.0
1.16069 0.09807 0.55942  0.088741 0.029838      0.0
1.16069 0.09807 0.55942  0.236076 0.051841      0.0
1.16069 0.09807 0.55942  0.243359 0.064613      0.0
1.16069 0.09807 0.55942  0.285523 0.073001      0.0
1.16069 0.09807 0.55942 -0.009077 0.114790      0.0
1.16069 0.09807 0.55942 -0.049887 0.103501      0.0
1.16069 0.09807 0.55942  0.036987 0.094239      0.0
1.16069 0.09807 0.55942  0.189639 0.062200      0.0
1.16069 0.09807 0.55942  0.017874 0.065493      0.0
1.16069 0.09807 0.55942 -0.166659 0.074663      0.0
1.16069 0.09807 0.55942  0.280896 0.060832      0.0
1.16069 0.09807 0.55942 -0.014540 0.111188      0.0
1.16069 0.09807 0.55942 -0.010105 0.097186      0.0
1.16069 0.09807 0.55942 -0.154380 0.104113      0.0
1.16069 0.09807 0.55942 -0.102152 0.102915      0.0
1.16069 0.09807 0.55942 -0.156739 0.091219      0.0
1.16069 0.09807 0.55942 -0.058581 0.078217      0.0
1.16069 0.09807 0.55942 -0.077579 0.069902      0.0
1.16069 0.09807 0.55942 -0.109989 0.067265      0.0
1.16069 0.09807 0.55942 -0.174642 0.073038      0.0
1.16069 0.09807 0.55942 -0.125972 0.046879      0.0
1.16069 0.09807 0.55942 -0.138529 0.021639      0.0
1.16069 0.09807 0.55942 -0.068886 0.015368      0.0
1.16069 0.09807 0.55942 -0.100785 0.028647      0.0
1.20139 0.16075 0.58099  0.019274 0.036425      0.0
1.20139 0.16075 0.58099  0.050338 0.030586      0.0
1.20139 0.16075 0.58099  0.158211 0.074335      0.0
1.20139 0.16075 0.58099 -0.054305 0.075109      0.0
1.20139 0.16075 0.58099  0.171522 0.064235      0.0
1.20139 0.16075 0.58099  0.234150 0.071385      0.0
1.20139 0.16075 0.58099  0.228971 0.094923      0.0
1.20139 0.16075 0.58099  0.139941 0.125954      0.0
1.20139 0.16075 0.58099 -0.077476 0.128495      0.0
1.20139 0.16075 0.58099  0.291823 0.081365      0.0
1.20139 0.16075 0.58099  0.031565 0.110745      0.0
1.20139 0.16075 0.58099 -0.018887 0.115662      0.0
1.20139 0.16075 0.58099 -0.028082 0.118077      0.0
1.20139 0.16075 0.58099 -0.160986 0.109496      0.0
1.20139 0.16075 0.58099  0.100387 0.095163      0.0
1.20139 0.16075 0.58099  0.128846 0.103068      0.0
1.20139 0.16075 0.58099  0.144881 0.137362      0.0
1.20139 0.16075 0.58099  0.198461 0.102488      0.0
1.20139 0.16075 0.58099 -0.225531 0.142514      0.0
1.20139 0.16075 0.58099 -0.210363 0.123943      0.0
1.20139 0.16075 0.58099 -0.070140 0.086306      0.0
1.20139 0.16075 0.58099 -0.142176 0.076442      0.0
1.20139 0.16075 0.58099 -0.264770 0.067906      0.0
1.20139 0.16075 0.58099 -0.088450 0.066448      0.0
1.20139 0.16075 0.58099 -0.070930 0.026709      0.0
1.20139 0.16075 0.58099 -0.005690 0.036294      0.0
1.22297 0.23502 0.63939  0.069011 0.080790      0.0
1.22297 0.23502 0.63939 -0.010147 0.173151      0.0
1.22297 0.23502 0.63939 -0.138076 0.209330      0.0
1.22297 0.23502 0.63939 -0.294677 0.158553      0.0
1.22297 0.23502 0.63939 -0.122697 0.109817      0.0
1.16971 0.09702 1.05316  0.074469 0.022053      0.0
1.16971 0.09702 1.05316 -0.010064 0.027482      0.0
1.16971 0.09702 1.05316  0.117237 0.058639      0.0
1.16971 0.09702 1.05316 -0.066280 0.140575      0.0
1.16971 0.09702 1.05316  0.320182 0.084516      0.0
1.16971 0.09702 1.05316  0.151726 0.163511      0.0
1.16971 0.09702 1.05316  0.118918 0.132329      0.0
1.16971 0.09702 1.05316 -0.019508 0.120093      0.0
1.16971 0.09702 1.05316 -0.408619 0.236788      0.0
1.16971 0.09702 1.05316  0.128651 0.120111      0.0
1.16971 0.09702 1.05316  0.151543 0.099483      0.0
1.16971 0.09702 1.05316 -0.206049 0.125064      0.0
1.16971 0.09702 1.05316 -0.017406 0.030707      0.0
1.16971 0.09702 1.05316 -0.032133 0.019422      0.0
1.21637 0.15868 1.09183 -0.049929 0.051903      0.0
1.21637 0.15868 1.09183  0.101795 0.070583      0.0
1.21637 0.15868 1.09183 -0.125322 0.105938      0.0
1.21637 0.15868 1.09183 -0.111066 0.131021      0.0
1.21637 0.15868 1.09183  0.015027 0.127203      0.0
1.21637 0.15868 1.09183 -0.204731 0.188634      0.0
1.21637 0.15868 1.09183  0.296705 0.175919      0.0
1.21637 0.15868 1.09183 -0.068472 0.192555      0.0
1.21637 0.15868 1.09183 -0.081641 0.166549      0.0
1.21637 0.15868 1.09183 -0.030561 0.067389      0.0
1.21637 0.15868 1.09183  0.035037 0.046444      0.0
1.55841 0.11200 0.15729  0.019278 0.025898      0.0
1.55841 0.11200 0.15729  0.074273 0.023145      0.0
1.55841 0.11200 0.15729  0.084709 0.021465      0.0
1.55841 0.11200 0.15729  0.110276 0.025814      0.0
1.55841 0.11200 0.15729  0.193822 0.027279      0.0
1.55841 0.11200 0.15729  0.208435 0.039702      0.0
1.55841 0.11200 0.15729  0.020469 0.114280      0.0
1.55841 0.11200 0.15729  0.374287 0.061013      0.0
1.55841 0.11200 0.15729  0.020877 0.088886      0.0
1.55841 0.11200 0.15729  0.256696 0.064164      0.0
1.55841 0.11200 0.15729  0.255783 0.067055      0.0
1.55841 0.11200 0.15729 -0.049580 0.089819      0.0
1.55841 0.11200 0.15729  0.159925 0.076924      0.0
1.55841 0.11200 0.15729  0.014704 0.094013      0.0
1.55841 0.11200 0.15729  0.096928 0.077051      0.0
1.55841 0.11200 0.15729 -0.521007 0.163603      0.0
1.55841 0.11200 0.15729 -0.302465 0.153381      0.0
1.55841 0.11200 0.15729 -0.165468 0.049993      0.0
1.55841 0.11200 0.15729 -0.194213 0.031968      0.0
1.55841 0.11200 0.15729 -0.176870 0.025749      0.0
1.55841 0.11200 0.15729 -0.084375 0.024786      0.0
1.55841 0.11200 0.15729 -0.120179 0.027186      0.0
1.55841 0.11200 0.15729 -0.038413 0.025958      0.0
1.60686 0.16238 0.17049  0.047118 0.040610      0.0
1.60686 0.16238 0.17049  0.055273 0.050200      0.0
1.60686 0.16238 0.17049  0.168115 0.051325      0.0
1.60686 0.16238 0.17049  0.292582 0.050905      0.0
1.60686 0.16238 0.17049  0.267475 0.067275      0.0
1.60686 0.16238 0.17049  0.159411 0.079807      0.0
1.60686 0.16238 0.17049  0.368650 0.058639      0.0
1.60686 0.16238 0.17049  0.353226 0.057621      0.0
1.60686 0.16238 0.17049  0.447105 0.050695      0.0
1.60686 0.16238 0.17049  0.444565 0.056831      0.0
1.60686 0.16238 0.17049  0.117028 0.102014      0.0
1.60686 0.16238 0.17049  0.077870 0.085406      0.0
1.60686 0.16238 0.17049 -0.144068 0.110288      0.0
1.60686 0.16238 0.17049  0.089650 0.100031      0.0
1.60686 0.16238 0.17049 -0.144689 0.106023      0.0
1.60686 0.16238 0.17049 -0.009259 0.101214      0.0
1.60686 0.16238 0.17049 -0.009357 0.098258      0.0
1.60686 0.16238 0.17049  0.041442 0.098853      0.0
1.60686 0.16238 0.17049 -0.166921 0.093269      0.0
1.60686 0.16238 0.17049 -0.477234 0.131936      0.0
1.60686 0.16238 0.17049 -0.176149 0.095275      0.0
1.60686 0.16238 0.17049 -0.224156 0.087489      0.0
1.60686 0.16238 0.17049 -0.071308 0.056821      0.0
1.60686 0.16238 0.17049 -0.036556 0.042940      0.0
1.60722 0.25484 0.19802  0.029440 0.068688      0.0
1.60722 0.25484 0.19802  0.210652 0.059487      0.0
1.60722 0.25484 0.19802  0.246990 0.066313      0.0
1.60722 0.25484 0.19802  0.249776 0.076912      0.0
1.60722 0.25484 0.19802  0.308395 0.084981      0.0
1.60722 0.25484 0.19802  0.255218 0.088792      0.0
1.60722 0.25484 0.19802  0.302150 0.087692      0.0
1.60722 0.25484 0.19802 -0.290641 0.193335      0.0
1.60722 0.25484 0.19802 -0.224031 0.131323      0.0
1.60722 0.25484 0.19802 -0.145822 0.105071      0.0
1.60722 0.25484 0.19802 -0.281233 0.102683      0.0
1.60722 0.25484 0.19802 -0.027535 0.055301      0.0
1.54549 0.11408 0.28831 -0.003454 0.067426      0.0
1.54549 0.11408 0.28831  0.094139 0.044095      0.0
1.54549 0.11408 0.28831  0.156746 0.025879      0.0
1.54549 0.11408 0.28831  0.179279 0.020144      0.0
1.54549 0.11408 0.28831  0.222575 0.023895      0.0
1.54549 0.11408 0.28831  0.360567 0.057800      0.0
1.54549 0.11408 0.28831  0.172105 0.072593      0.0
1.54549 0.11408 0.28831  0.051069 0.105795      0.0
1.54549 0.11408 0.28831  0.126266 0.085528      0.0
1.54549 0.11408 0.28831  0.052857 0.085804      0.0
1.54549 0.11408 0.28831  0.003386 0.084600      0.0
1.54549 0.11408 0.28831 -0.222270 0.109174      0.0
1.54549 0.11408 0.28831  0.004189 0.096270      0.0
1.54549 0.11408 0.28831 -0.060967 0.111244      0.0
1.54549 0.11408 0.28831  0.076891 0.095121      0.0
1.54549 0.11408 0.28831 -0.180213 0.094895      0.0
1.54549 0.11408 0.28831 -0.285237 0.089230      0.0
1.54549 0.11408 0.28831 -0.210341 0.115412      0.0
1.54549 0.11408 0.28831 -0.208143 0.039733      0.0
1.54549 0.11408 0.28831 -0.147022 0.023743      0.0
1.54549 0.11408 0.28831 -0.119320 0.024830      0.0
1.54549 0.11408 0.28831 -0.146978 0.037944      0.0
1.54549 0.11408 0.28831  0.008241 0.062672      0.0
1.60576 0.15599 0.31425  0.014534 0.025685      0.0
1.60576 0.15599 0.31425  0.127105 0.025752      0.0
1.60576 0.15599 0.31425  0.145658 0.042975      0.0
1.60576 0.15599 0.31425  0.312867 0.093877      0.0
1.60576 0.15599 0.31425  0.466510 0.052492      0.0
1.60576 0.15599 0.31425  0.202051 0.081398      0.0
1.60576 0.15599 0.31425  0.127021 0.112380      0.0
1.60576 0.15599 0.31425  0.297809 0.077480      0.0
1.60576 0.15599 0.31425  0.228745 0.073840      0.0
1.60576 0.15599 0.31425  0.160265 0.072592      0.0
1.60576 0.15599 0.31425  0.073813 0.076666      0.0
1.60576 0.15599 0.31425  0.064359 0.084994      0.0
1.60576 0.15599 0.31425 -0.154017 0.112012      0.0
1.60576 0.15599 0.31425  0.250391 0.073410      0.0
1.60576 0.15599 0.31425 -0.189025 0.101277      0.0
1.60576 0.15599 0.31425 -0.007783 0.111533      0.0
1.60576 0.15599 0.31425 -0.453142 0.111939      0.0
1.60576 0.15599 0.31425 -0.227572 0.100751      0.0
1.60576 0.15599 0.31425 -0.307907 0.089905      0.0
1.60576 0.15599 0.31425 -0.298514 0.094178      0.0
1.60576 0.15599 0.31425 -0.139014 0.120605      0.0
1.60576 0.15599 0.31425 -0.081566 0.036458      0.0
1.60576 0.15599 0.31425 -0.047214 0.020562      0.0
1.60412 0.25678 0.35114 -0.039447 0.069408      0.0
1.60412 0.25678 0.35114  0.240088 0.067813      0.0
1.60412 0.25678 0.35114  0.117719 0.104500      0.0
1.60412 0.25678 0.35114 -0.007018 0.117163      0.0
1.60412 0.25678 0.35114  0.429018 0.084637      0.0
1.60412 0.25678 0.35114  0.026745 0.139304      0.0
1.60412 0.25678 0.35114  0.296616 0.137262      0.0
#1.60412 0.25678 0.35114 -0.909066 0.329242      0.0
1.60412 0.25678 0.35114  0.200898 0.160721      0.0
1.60412 0.25678 0.35114 -0.239627 0.093788      0.0
1.60412 0.25678 0.35114  0.168898 0.055688      0.0
1.54972 0.11304 0.56128  0.011480 0.043053      0.0
1.54972 0.11304 0.56128  0.118245 0.022152      0.0
1.54972 0.11304 0.56128  0.042238 0.041760      0.0
1.54972 0.11304 0.56128  0.115717 0.103836      0.0
1.54972 0.11304 0.56128  0.059810 0.136171      0.0
1.54972 0.11304 0.56128  0.183319 0.081289      0.0
1.54972 0.11304 0.56128 -0.104811 0.118118      0.0
1.54972 0.11304 0.56128  0.114826 0.096951      0.0
1.54972 0.11304 0.56128  0.167965 0.076975      0.0
1.54972 0.11304 0.56128 -0.370768 0.135296      0.0
1.54972 0.11304 0.56128 -0.009813 0.097192      0.0
1.54972 0.11304 0.56128 -0.079616 0.093506      0.0
1.54972 0.11304 0.56128 -0.212765 0.099640      0.0
1.54972 0.11304 0.56128  0.132532 0.074213      0.0
1.54972 0.11304 0.56128 -0.156891 0.037380      0.0
1.54972 0.11304 0.56128 -0.092346 0.025449      0.0
1.54972 0.11304 0.56128  0.019216 0.082440      0.0
1.59735 0.16169 0.58224  0.005466 0.036729      0.0
1.59735 0.16169 0.58224  0.079328 0.030582      0.0
1.59735 0.16169 0.58224  0.082887 0.038076      0.0
1.59735 0.16169 0.58224  0.018601 0.111053      0.0
1.59735 0.16169 0.58224  0.211066 0.072154      0.0
1.59735 0.16169 0.58224  0.141750 0.095513      0.0
1.59735 0.16169 0.58224  0.163601 0.095551      0.0
1.59735 0.16169 0.58224  0.262055 0.092322      0.0
1.59735 0.16169 0.58224  0.154554 0.096168      0.0
1.59735 0.16169 0.58224  0.150699 0.094571      0.0
1.59735 0.16169 0.58224 -0.206212 0.109196      0.0
1.59735 0.16169 0.58224  0.100829 0.094969      0.0
1.59735 0.16169 0.58224  0.036810 0.101714      0.0
1.59735 0.16169 0.58224 -0.120840 0.124201      0.0
1.59735 0.16169 0.58224 -0.307156 0.143223      0.0
1.59735 0.16169 0.58224 -0.218367 0.106439      0.0
1.59735 0.16169 0.58224 -0.286412 0.110174      0.0
1.59735 0.16169 0.58224 -0.421983 0.100158      0.0
1.59735 0.16169 0.58224 -0.191015 0.085838      0.0
1.59735 0.16169 0.58224 -0.091688 0.071614      0.0
1.59735 0.16169 0.58224 -0.136297 0.030313      0.0
1.59735 0.16169 0.58224 -0.071583 0.025743      0.0
1.60562 0.25015 0.64407  0.166141 0.060844      0.0
1.60562 0.25015 0.64407  0.131621 0.115079      0.0
1.60562 0.25015 0.64407  0.099485 0.194968      0.0
1.60562 0.25015 0.64407  0.240505 0.109181      0.0
1.60562 0.25015 0.64407  0.063870 0.111068      0.0
1.60562 0.25015 0.64407  0.121149 0.087792      0.0
1.60562 0.25015 0.64407  0.064736 0.129649      0.0
1.60562 0.25015 0.64407  0.019826 0.159819      0.0
1.60562 0.25015 0.64407 -0.424690 0.187473      0.0
1.60562 0.25015 0.64407 -0.078948 0.097465      0.0
1.60562 0.25015 0.64407 -0.028953 0.058476      0.0
1.55867 0.11184 1.06659 -0.081217 0.059220      0.0
1.55867 0.11184 1.06659  0.013484 0.050618      0.0
1.55867 0.11184 1.06659  0.134068 0.053435      0.0
1.55867 0.11184 1.06659  0.089000 0.130427      0.0
1.55867 0.11184 1.06659 -0.194226 0.174767      0.0
1.55867 0.11184 1.06659  0.014534 0.082730      0.0
1.55867 0.11184 1.06659 -0.011179 0.041065      0.0
1.55867 0.11184 1.06659  0.083881 0.042050      0.0
1.59577 0.16260 1.12704  0.091484 0.055164      0.0
1.59577 0.16260 1.12704  0.094340 0.041070      0.0
1.59577 0.16260 1.12704 -0.015936 0.089941      0.0
1.59577 0.16260 1.12704  0.059502 0.093480      0.0
1.59577 0.16260 1.12704  0.103913 0.136697      0.0
1.59577 0.16260 1.12704  0.041323 0.121093      0.0
1.59577 0.16260 1.12704 -0.022891 0.112369      0.0
1.59577 0.16260 1.12704  0.069020 0.173255      0.0
1.59577 0.16260 1.12704 -0.472845 0.176205      0.0
1.59577 0.16260 1.12704 -0.008958 0.085425      0.0
1.59577 0.16260 1.12704 -0.062984 0.042110      0.0
1.59577 0.16260 1.12704 -0.029638 0.060195      0.0
2.01479 0.14001 0.16508  0.011562 0.026152      0.0
2.01479 0.14001 0.16508  0.081228 0.024658      0.0
2.01479 0.14001 0.16508  0.135234 0.024160      0.0
2.01479 0.14001 0.16508  0.141826 0.027949      0.0
2.01479 0.14001 0.16508  0.200180 0.049908      0.0
2.01479 0.14001 0.16508  0.206926 0.080708      0.0
2.01479 0.14001 0.16508  0.315930 0.139953      0.0
2.01479 0.14001 0.16508  0.241934 0.106216      0.0
2.01479 0.14001 0.16508  0.288218 0.092845      0.0
2.01479 0.14001 0.16508  0.309019 0.099563      0.0
2.01479 0.14001 0.16508  0.209210 0.095931      0.0
2.01479 0.14001 0.16508  0.006759 0.089193      0.0
2.01479 0.14001 0.16508  0.010535 0.102277      0.0
2.01479 0.14001 0.16508  0.011026 0.120548      0.0
2.01479 0.14001 0.16508 -0.106631 0.107175      0.0
2.01479 0.14001 0.16508  0.017346 0.124924      0.0
2.01479 0.14001 0.16508 -0.175744 0.117270      0.0
2.01479 0.14001 0.16508 -0.325209 0.110084      0.0
2.01479 0.14001 0.16508 -0.140118 0.056959      0.0
2.01479 0.14001 0.16508 -0.202878 0.031582      0.0
2.01479 0.14001 0.16508 -0.106682 0.026663      0.0
2.01479 0.14001 0.16508 -0.056027 0.027193      0.0
2.01479 0.14001 0.16508 -0.066225 0.023044      0.0
2.11820 0.19896 0.18445  0.064876 0.047567      0.0
2.11820 0.19896 0.18445  0.110168 0.045334      0.0
2.11820 0.19896 0.18445  0.175357 0.050552      0.0
2.11820 0.19896 0.18445  0.225664 0.058119      0.0
2.11820 0.19896 0.18445  0.295923 0.070431      0.0
2.11820 0.19896 0.18445  0.291252 0.082846      0.0
2.11820 0.19896 0.18445  0.367671 0.079655      0.0
2.11820 0.19896 0.18445  0.277114 0.077862      0.0
2.11820 0.19896 0.18445  0.210574 0.084452      0.0
2.11820 0.19896 0.18445  0.440373 0.094255      0.0
2.11820 0.19896 0.18445  0.328443 0.086122      0.0
2.11820 0.19896 0.18445  0.324793 0.100601      0.0
2.11820 0.19896 0.18445  0.101154 0.118321      0.0
2.11820 0.19896 0.18445  0.159614 0.120646      0.0
2.11820 0.19896 0.18445  0.256973 0.106345      0.0
2.11820 0.19896 0.18445  0.024909 0.123805      0.0
2.11820 0.19896 0.18445  0.114744 0.111728      0.0
2.11820 0.19896 0.18445 -0.198741 0.107462      0.0
2.11820 0.19896 0.18445 -0.353890 0.117387      0.0
2.11820 0.19896 0.18445 -0.274173 0.117780      0.0
2.11820 0.19896 0.18445 -0.359348 0.107545      0.0
2.11820 0.19896 0.18445 -0.181301 0.140121      0.0
2.11820 0.19896 0.18445 -0.112413 0.108885      0.0
2.11820 0.19896 0.18445 -0.030588 0.055686      0.0
2.11820 0.19896 0.18445 -0.003070 0.041688      0.0
2.11580 0.30858 0.23861  0.064705 0.084892      0.0
2.11580 0.30858 0.23861  0.188270 0.096087      0.0
2.11580 0.30858 0.23861  0.324290 0.085830      0.0
2.11580 0.30858 0.23861  0.130206 0.118150      0.0
2.11580 0.30858 0.23861  0.361555 0.135892      0.0
2.11580 0.30858 0.23861  0.112195 0.161371      0.0
2.11580 0.30858 0.23861  0.346127 0.165542      0.0
2.11580 0.30858 0.23861 -0.023685 0.204517      0.0
2.11580 0.30858 0.23861 -0.035478 0.139317      0.0
2.11580 0.30858 0.23861 -0.339098 0.135057      0.0
2.11580 0.30858 0.23861 -0.172048 0.115114      0.0
2.11580 0.30858 0.23861 -0.123449 0.100580      0.0
2.11580 0.30858 0.23861 -0.230803 0.073991      0.0
2.01347 0.14258 0.29988  0.047737 0.049390      0.0
2.01347 0.14258 0.29988 -0.001537 0.038683      0.0
2.01347 0.14258 0.29988  0.118707 0.025763      0.0
2.01347 0.14258 0.29988  0.138681 0.024072      0.0
2.01347 0.14258 0.29988  0.204382 0.043275      0.0
2.01347 0.14258 0.29988  0.137890 0.166139      0.0
2.01347 0.14258 0.29988  0.133922 0.179690      0.0
2.01347 0.14258 0.29988  0.247794 0.103623      0.0
2.01347 0.14258 0.29988  0.034229 0.116453      0.0
2.01347 0.14258 0.29988  0.210784 0.082345      0.0
2.01347 0.14258 0.29988  0.016402 0.091944      0.0
2.01347 0.14258 0.29988 -0.019550 0.095078      0.0
2.01347 0.14258 0.29988  0.022141 0.097474      0.0
2.01347 0.14258 0.29988 -0.129795 0.105638      0.0
2.01347 0.14258 0.29988 -0.221869 0.122342      0.0
2.01347 0.14258 0.29988  0.123281 0.111985      0.0
2.01347 0.14258 0.29988 -0.128046 0.158575      0.0
2.01347 0.14258 0.29988 -0.223161 0.115154      0.0
2.01347 0.14258 0.29988 -0.346933 0.130396      0.0
2.01347 0.14258 0.29988 -0.141654 0.083907      0.0
2.01347 0.14258 0.29988 -0.130034 0.030702      0.0
2.01347 0.14258 0.29988 -0.147231 0.023599      0.0
2.01347 0.14258 0.29988 -0.082452 0.028335      0.0
2.01347 0.14258 0.29988 -0.019641 0.033221      0.0
2.12931 0.19307 0.32879  0.033625 0.030453      0.0
2.12931 0.19307 0.32879  0.051208 0.034321      0.0
2.12931 0.19307 0.32879  0.190238 0.050443      0.0
2.12931 0.19307 0.32879  0.100397 0.114660      0.0
2.12931 0.19307 0.32879  0.527260 0.110636      0.0
2.12931 0.19307 0.32879  0.227806 0.127544      0.0
2.12931 0.19307 0.32879  0.143374 0.119502      0.0
2.12931 0.19307 0.32879  0.353145 0.106307      0.0
2.12931 0.19307 0.32879  0.183894 0.125298      0.0
2.12931 0.19307 0.32879 -0.019872 0.119731      0.0
2.12931 0.19307 0.32879  0.140342 0.095856      0.0
2.12931 0.19307 0.32879  0.267886 0.091848      0.0
2.12931 0.19307 0.32879 -0.033433 0.102795      0.0
2.12931 0.19307 0.32879  0.046228 0.090030      0.0
2.12931 0.19307 0.32879 -0.095790 0.107338      0.0
2.12931 0.19307 0.32879  0.073607 0.127056      0.0
2.12931 0.19307 0.32879 -0.290440 0.119353      0.0
2.12931 0.19307 0.32879 -0.037408 0.152674      0.0
2.12931 0.19307 0.32879 -0.111934 0.132505      0.0
2.12931 0.19307 0.32879 -0.094314 0.151030      0.0
2.12931 0.19307 0.32879 -0.347074 0.129989      0.0
2.12931 0.19307 0.32879 -0.432958 0.126078      0.0
2.12931 0.19307 0.32879 -0.319723 0.123113      0.0
2.12931 0.19307 0.32879 -0.277074 0.121533      0.0
2.12931 0.19307 0.32879 -0.110461 0.163563      0.0
2.12931 0.19307 0.32879 -0.095355 0.060192      0.0
2.12931 0.19307 0.32879 -0.087222 0.035806      0.0
2.12931 0.19307 0.32879  0.008796 0.031273      0.0
2.12990 0.30825 0.39575  0.014221 0.083880      0.0
2.12990 0.30825 0.39575  0.191896 0.093739      0.0
2.12990 0.30825 0.39575  0.137717 0.110309      0.0
2.12990 0.30825 0.39575  0.228133 0.160087      0.0
2.12990 0.30825 0.39575  0.142231 0.167753      0.0
2.12990 0.30825 0.39575  0.090148 0.177393      0.0
2.12990 0.30825 0.39575 -0.064423 0.174744      0.0
2.12990 0.30825 0.39575  0.208191 0.153224      0.0
2.12990 0.30825 0.39575  0.244062 0.141624      0.0
2.12990 0.30825 0.39575 -0.170063 0.217593      0.0
2.12990 0.30825 0.39575 -0.124451 0.222310      0.0
2.12990 0.30825 0.39575 -0.468984 0.249373      0.0
2.12990 0.30825 0.39575 -0.186317 0.159886      0.0
2.12990 0.30825 0.39575 -0.100540 0.127122      0.0
2.12990 0.30825 0.39575 -0.189301 0.071933      0.0
2.00625 0.14243 0.56632  0.143483 0.075899      0.0
2.00625 0.14243 0.56632  0.110566 0.029301      0.0
2.00625 0.14243 0.56632  0.123100 0.035991      0.0
2.00625 0.14243 0.56632  0.085977 0.168955      0.0
2.00625 0.14243 0.56632  0.427264 0.154305      0.0
2.00625 0.14243 0.56632  0.177214 0.152212      0.0
2.00625 0.14243 0.56632  0.207195 0.108630      0.0
2.00625 0.14243 0.56632 -0.004579 0.144135      0.0
2.00625 0.14243 0.56632 -0.184750 0.123804      0.0
2.00625 0.14243 0.56632 -0.147564 0.131932      0.0
2.00625 0.14243 0.56632  0.011066 0.138933      0.0
2.00625 0.14243 0.56632 -0.203964 0.142609      0.0
2.00625 0.14243 0.56632 -0.096773 0.120513      0.0
2.00625 0.14243 0.56632 -0.319454 0.098225      0.0
2.00625 0.14243 0.56632 -0.059659 0.123994      0.0
2.00625 0.14243 0.56632 -0.112832 0.110744      0.0
2.00625 0.14243 0.56632 -0.132639 0.060224      0.0
2.00625 0.14243 0.56632 -0.076785 0.028528      0.0
2.00625 0.14243 0.56632 -0.103113 0.044917      0.0
2.10837 0.19527 0.59712  0.059445 0.037352      0.0
2.10837 0.19527 0.59712  0.098511 0.035228      0.0
2.10837 0.19527 0.59712  0.191503 0.041608      0.0
2.10837 0.19527 0.59712  0.232450 0.139489      0.0
2.10837 0.19527 0.59712  0.227490 0.117216      0.0
2.10837 0.19527 0.59712  0.123447 0.140621      0.0
2.10837 0.19527 0.59712  0.320186 0.143056      0.0
2.10837 0.19527 0.59712  0.064379 0.153319      0.0
2.10837 0.19527 0.59712  0.109687 0.136920      0.0
2.10837 0.19527 0.59712 -0.279175 0.155881      0.0
2.10837 0.19527 0.59712  0.207381 0.123466      0.0
2.10837 0.19527 0.59712  0.001581 0.111973      0.0
2.10837 0.19527 0.59712  0.033143 0.116421      0.0
2.10837 0.19527 0.59712 -0.181048 0.134744      0.0
2.10837 0.19527 0.59712 -0.062383 0.135319      0.0
2.10837 0.19527 0.59712  0.078398 0.128671      0.0
2.10837 0.19527 0.59712  0.058579 0.156328      0.0
2.10837 0.19527 0.59712 -0.235465 0.161146      0.0
2.10837 0.19527 0.59712 -0.194625 0.140901      0.0
2.10837 0.19527 0.59712 -0.191281 0.118877      0.0
2.10837 0.19527 0.59712 -0.333938 0.118578      0.0
2.10837 0.19527 0.59712 -0.208042 0.099593      0.0
2.10837 0.19527 0.59712 -0.226149 0.095849      0.0
2.10837 0.19527 0.59712 -0.194264 0.092746      0.0
2.10837 0.19527 0.59712 -0.185429 0.040473      0.0
2.10837 0.19527 0.59712 -0.149270 0.031064      0.0
2.10837 0.19527 0.59712 -0.047970 0.036514      0.0
2.11950 0.31098 0.67478 -0.060512 0.112035      0.0
2.11950 0.31098 0.67478  0.283842 0.144533      0.0
2.11950 0.31098 0.67478 -0.153186 0.326015      0.0
2.11950 0.31098 0.67478  0.019603 0.194865      0.0
2.11950 0.31098 0.67478  0.208456 0.141514      0.0
2.11950 0.31098 0.67478  0.124085 0.147216      0.0
2.11950 0.31098 0.67478 -0.068093 0.155680      0.0
2.11950 0.31098 0.67478  0.012950 0.150518      0.0
2.11950 0.31098 0.67478 -0.042007 0.306880      0.0
2.11950 0.31098 0.67478 -0.096480 0.327492      0.0
2.11950 0.31098 0.67478  0.153155 0.158822      0.0
2.11950 0.31098 0.67478 -0.045866 0.104987      0.0
2.01895 0.14152 1.15441 -0.022182 0.087504      0.0
2.01895 0.14152 1.15441 -0.072833 0.069894      0.0
2.01895 0.14152 1.15441  0.209309 0.055055      0.0
2.01895 0.14152 1.15441  0.102643 0.129279      0.0
2.01895 0.14152 1.15441  0.178857 0.176668      0.0
2.01895 0.14152 1.15441 -0.100104 0.186628      0.0
2.01895 0.14152 1.15441  0.437292 0.150872      0.0
2.01895 0.14152 1.15441 -0.349416 0.244968      0.0
2.01895 0.14152 1.15441 -0.084795 0.089640      0.0
2.01895 0.14152 1.15441 -0.126924 0.047478      0.0
2.01895 0.14152 1.15441 -0.049536 0.055567      0.0
2.10143 0.20276 1.21244 -0.124612 0.075382      0.0
2.10143 0.20276 1.21244 -0.001737 0.048008      0.0
2.10143 0.20276 1.21244  0.139566 0.092037      0.0
2.10143 0.20276 1.21244  0.039578 0.108552      0.0
2.10143 0.20276 1.21244  0.227816 0.112912      0.0
2.10143 0.20276 1.21244  0.041555 0.177643      0.0
2.10143 0.20276 1.21244  0.267255 0.149915      0.0
2.10143 0.20276 1.21244  0.042868 0.159208      0.0
2.10143 0.20276 1.21244 -0.038311 0.173612      0.0
2.10143 0.20276 1.21244 -0.158860 0.211165      0.0
2.10143 0.20276 1.21244 -0.185727 0.197008      0.0
2.10143 0.20276 1.21244 -0.216975 0.141042      0.0
2.10143 0.20276 1.21244 -0.053188 0.134881      0.0
2.10143 0.20276 1.21244 -0.180640 0.120791      0.0
2.10143 0.20276 1.21244 -0.077965 0.046402      0.0
2.10143 0.20276 1.21244  0.045283 0.053830      0.0
2.14984 0.29989 1.25910  0.108246 0.135570      0.0
2.14984 0.29989 1.25910  0.424005 0.257625      0.0
2.14984 0.29989 1.25910 -0.178966 0.253015      0.0
2.14984 0.29989 1.25910  0.168611 0.256432      0.0
2.14984 0.29989 1.25910  0.312870 0.203987      0.0
2.14984 0.29989 1.25910 -0.322592 0.394536      0.0
2.14984 0.29989 1.25910 -0.291079 0.222234      0.0
2.14984 0.29989 1.25910 -0.073852 0.105538      0.0
2.67197 0.18214 0.18304  0.006429 0.029485      0.0
2.67197 0.18214 0.18304  0.146139 0.028952      0.0
2.67197 0.18214 0.18304  0.016421 0.034197      0.0
2.67197 0.18214 0.18304  0.103438 0.056169      0.0
2.67197 0.18214 0.18304  0.169256 0.102939      0.0
2.67197 0.18214 0.18304  0.313265 0.107745      0.0
2.67197 0.18214 0.18304  0.372816 0.099707      0.0
2.67197 0.18214 0.18304 -0.074079 0.126017      0.0
2.67197 0.18214 0.18304  0.398464 0.092295      0.0
2.67197 0.18214 0.18304  0.054995 0.104082      0.0
2.67197 0.18214 0.18304  0.037998 0.123365      0.0
2.67197 0.18214 0.18304  0.024601 0.104048      0.0
2.67197 0.18214 0.18304  0.252805 0.095545      0.0
2.67197 0.18214 0.18304  0.070956 0.107379      0.0
2.67197 0.18214 0.18304 -0.137818 0.119353      0.0
2.67197 0.18214 0.18304  0.013344 0.144004      0.0
2.67197 0.18214 0.18304 -0.198793 0.074083      0.0
2.67197 0.18214 0.18304 -0.090315 0.042691      0.0
2.67197 0.18214 0.18304 -0.063004 0.034354      0.0
2.67197 0.18214 0.18304 -0.018658 0.026140      0.0
2.79578 0.25837 0.21527  0.080824 0.057983      0.0
2.79578 0.25837 0.21527  0.049845 0.053069      0.0
2.79578 0.25837 0.21527  0.245789 0.048186      0.0
2.79578 0.25837 0.21527  0.174913 0.059870      0.0
2.79578 0.25837 0.21527  0.249370 0.065686      0.0
2.79578 0.25837 0.21527  0.292916 0.082849      0.0
2.79578 0.25837 0.21527  0.452921 0.071310      0.0
2.79578 0.25837 0.21527  0.456999 0.099450      0.0
2.79578 0.25837 0.21527  0.415593 0.088743      0.0
2.79578 0.25837 0.21527  0.347293 0.096730      0.0
2.79578 0.25837 0.21527  0.111778 0.111365      0.0
2.79578 0.25837 0.21527  0.027753 0.111832      0.0
2.79578 0.25837 0.21527 -0.025291 0.125949      0.0
2.79578 0.25837 0.21527 -0.102826 0.157785      0.0
2.79578 0.25837 0.21527 -0.428299 0.097087      0.0
2.79578 0.25837 0.21527 -0.249650 0.120461      0.0
2.79578 0.25837 0.21527 -0.429358 0.097065      0.0
2.79578 0.25837 0.21527 -0.253280 0.088707      0.0
2.79578 0.25837 0.21527 -0.154128 0.071813      0.0
2.79578 0.25837 0.21527 -0.168025 0.063112      0.0
2.79578 0.25837 0.21527 -0.124973 0.057075      0.0
2.82674 0.38527 0.31506 -0.036173 0.121591      0.0
2.82674 0.38527 0.31506  0.261019 0.122591      0.0
2.82674 0.38527 0.31506  0.397282 0.100769      0.0
2.82674 0.38527 0.31506  0.386272 0.111955      0.0
2.82674 0.38527 0.31506  0.218277 0.131252      0.0
2.82674 0.38527 0.31506  0.224581 0.134110      0.0
2.82674 0.38527 0.31506 -0.302817 0.203420      0.0
2.82674 0.38527 0.31506  0.101110 0.239307      0.0
2.82674 0.38527 0.31506  0.086026 0.188882      0.0
2.82674 0.38527 0.31506 -0.308334 0.129112      0.0
2.82674 0.38527 0.31506 -0.250907 0.152225      0.0
2.82674 0.38527 0.31506 -0.012993 0.138408      0.0
2.68499 0.18571 0.32106  0.058387 0.031946      0.0
2.68499 0.18571 0.32106  0.044080 0.030877      0.0
2.68499 0.18571 0.32106  0.137470 0.025447      0.0
2.68499 0.18571 0.32106  0.141181 0.036218      0.0
2.68499 0.18571 0.32106  0.169704 0.082346      0.0
2.68499 0.18571 0.32106  0.147465 0.128223      0.0
2.68499 0.18571 0.32106  0.144965 0.107699      0.0
2.68499 0.18571 0.32106  0.161405 0.100167      0.0
2.68499 0.18571 0.32106  0.261222 0.087525      0.0
2.68499 0.18571 0.32106  0.063799 0.096483      0.0
2.68499 0.18571 0.32106 -0.062975 0.103206      0.0
2.68499 0.18571 0.32106  0.062815 0.106906      0.0
2.68499 0.18571 0.32106  0.002801 0.128606      0.0
2.68499 0.18571 0.32106 -0.026756 0.108291      0.0
2.68499 0.18571 0.32106 -0.109882 0.111147      0.0
2.68499 0.18571 0.32106 -0.212612 0.123232      0.0
2.68499 0.18571 0.32106 -0.092885 0.129020      0.0
2.68499 0.18571 0.32106 -0.356052 0.106660      0.0
2.68499 0.18571 0.32106 -0.227424 0.104431      0.0
2.68499 0.18571 0.32106 -0.192990 0.041420      0.0
2.68499 0.18571 0.32106 -0.124836 0.028418      0.0
2.68499 0.18571 0.32106 -0.048957 0.029116      0.0
2.68499 0.18571 0.32106  0.032278 0.028940      0.0
2.84675 0.25492 0.36339  0.115349 0.046546      0.0
2.84675 0.25492 0.36339  0.073603 0.048454      0.0
2.84675 0.25492 0.36339  0.306720 0.058288      0.0
2.84675 0.25492 0.36339  0.226392 0.078190      0.0
2.84675 0.25492 0.36339  0.250551 0.087633      0.0
2.84675 0.25492 0.36339  0.406645 0.089333      0.0
2.84675 0.25492 0.36339  0.340779 0.088036      0.0
2.84675 0.25492 0.36339  0.245541 0.107027      0.0
2.84675 0.25492 0.36339  0.236361 0.091081      0.0
2.84675 0.25492 0.36339  0.370924 0.106474      0.0
2.84675 0.25492 0.36339  0.337187 0.113928      0.0
2.84675 0.25492 0.36339  0.109135 0.122750      0.0
2.84675 0.25492 0.36339  0.269338 0.103005      0.0
2.84675 0.25492 0.36339  0.253529 0.102543      0.0
2.84675 0.25492 0.36339  0.068268 0.105619      0.0
2.84675 0.25492 0.36339  0.204170 0.109167      0.0
2.84675 0.25492 0.36339  0.126958 0.111001      0.0
2.84675 0.25492 0.36339 -0.057679 0.120167      0.0
2.84675 0.25492 0.36339 -0.299130 0.125427      0.0
2.84675 0.25492 0.36339 -0.414196 0.117978      0.0
2.84675 0.25492 0.36339 -0.349038 0.126049      0.0
2.84675 0.25492 0.36339 -0.159716 0.121645      0.0
2.84675 0.25492 0.36339 -0.125003 0.128193      0.0
2.84675 0.25492 0.36339 -0.213330 0.086896      0.0
2.84675 0.25492 0.36339 -0.058101 0.036759      0.0
2.84042 0.38551 0.48235  0.196656 0.123095      0.0
2.84042 0.38551 0.48235  0.103918 0.131921      0.0
2.84042 0.38551 0.48235  0.174353 0.123937      0.0
2.84042 0.38551 0.48235  0.021188 0.149757      0.0
2.84042 0.38551 0.48235  0.107314 0.172370      0.0
2.84042 0.38551 0.48235  0.347264 0.155313      0.0
2.84042 0.38551 0.48235 -0.019111 0.160996      0.0
2.84042 0.38551 0.48235  0.604206 0.109218      0.0
2.84042 0.38551 0.48235  0.014620 0.184440      0.0
2.84042 0.38551 0.48235 -0.608561 0.308517      0.0
2.84042 0.38551 0.48235 -0.507178 0.252349      0.0
2.84042 0.38551 0.48235 -0.208043 0.129282      0.0
2.84042 0.38551 0.48235 -0.091127 0.114589      0.0
2.84042 0.38551 0.48235  0.032361 0.108437      0.0
2.66791 0.18912 0.57114  0.025176 0.078166      0.0
2.66791 0.18912 0.57114  0.078471 0.050188      0.0
2.66791 0.18912 0.57114  0.133648 0.030549      0.0
2.66791 0.18912 0.57114  0.107609 0.055089      0.0
2.66791 0.18912 0.57114  0.412484 0.167447      0.0
2.66791 0.18912 0.57114  0.095748 0.147789      0.0
2.66791 0.18912 0.57114  0.080659 0.106255      0.0
2.66791 0.18912 0.57114  0.117655 0.122767      0.0
2.66791 0.18912 0.57114 -0.008320 0.119372      0.0
2.66791 0.18912 0.57114 -0.019862 0.131796      0.0
2.66791 0.18912 0.57114 -0.043211 0.137019      0.0
2.66791 0.18912 0.57114 -0.238416 0.109733      0.0
2.66791 0.18912 0.57114 -0.145521 0.100432      0.0
2.66791 0.18912 0.57114 -0.249366 0.110324      0.0
2.66791 0.18912 0.57114 -0.073656 0.108940      0.0
2.66791 0.18912 0.57114 -0.155127 0.040498      0.0
2.66791 0.18912 0.57114 -0.156104 0.031975      0.0
2.66791 0.18912 0.57114 -0.155465 0.055579      0.0
2.66791 0.18912 0.57114 -0.333651 0.098374      0.0
2.83258 0.25276 0.63345  0.079209 0.039357      0.0
2.83258 0.25276 0.63345  0.076476 0.045883      0.0
2.83258 0.25276 0.63345  0.141980 0.061309      0.0
2.83258 0.25276 0.63345  0.173640 0.139989      0.0
2.83258 0.25276 0.63345  0.350738 0.139820      0.0
2.83258 0.25276 0.63345  0.255801 0.133757      0.0
2.83258 0.25276 0.63345 -0.057180 0.148746      0.0
2.83258 0.25276 0.63345  0.324094 0.121484      0.0
2.83258 0.25276 0.63345  0.015556 0.140999      0.0
2.83258 0.25276 0.63345 -0.012952 0.151569      0.0
2.83258 0.25276 0.63345  0.136396 0.125207      0.0
2.83258 0.25276 0.63345 -0.165102 0.113672      0.0
2.83258 0.25276 0.63345  0.163303 0.135034      0.0
2.83258 0.25276 0.63345  0.215648 0.134367      0.0
2.83258 0.25276 0.63345 -0.305416 0.139958      0.0
2.83258 0.25276 0.63345 -0.275136 0.136149      0.0
2.83258 0.25276 0.63345 -0.458816 0.114695      0.0
2.83258 0.25276 0.63345 -0.340309 0.104904      0.0
2.83258 0.25276 0.63345 -0.215070 0.102344      0.0
2.83258 0.25276 0.63345 -0.353090 0.123278      0.0
2.83258 0.25276 0.63345 -0.079644 0.057127      0.0
2.83258 0.25276 0.63345 -0.060314 0.030715      0.0
2.83377 0.38373 0.74324  0.177031 0.114857      0.0
2.83377 0.38373 0.74324  0.105824 0.138207      0.0
2.83377 0.38373 0.74324  0.504912 0.225255      0.0
2.83377 0.38373 0.74324 -0.176651 0.272971      0.0
2.83377 0.38373 0.74324 -0.181869 0.179937      0.0
2.83377 0.38373 0.74324 -0.009670 0.191810      0.0
2.83377 0.38373 0.74324 -0.432670 0.224450      0.0
2.83377 0.38373 0.74324 -0.221404 0.231701      0.0
2.83377 0.38373 0.74324 -0.085094 0.200173      0.0
2.83377 0.38373 0.74324 -0.221054 0.235251      0.0
2.83377 0.38373 0.74324 -0.093654 0.176012      0.0
2.83377 0.38373 0.74324 -0.069483 0.123396      0.0
2.69315 0.18641 1.29387  0.069293 0.089156      0.0
2.69315 0.18641 1.29387  0.054548 0.058033      0.0
2.69315 0.18641 1.29387  0.204003 0.085067      0.0
2.69315 0.18641 1.29387  0.201962 0.176880      0.0
2.69315 0.18641 1.29387 -0.030298 0.217843      0.0
2.69315 0.18641 1.29387 -0.065633 0.141314      0.0
2.69315 0.18641 1.29387 -0.146145 0.141808      0.0
2.69315 0.18641 1.29387  0.030109 0.054272      0.0
2.69315 0.18641 1.29387  0.168602 0.080883      0.0
2.69315 0.18641 1.29387 -0.084731 0.115573      0.0
2.81817 0.26031 1.32531 -0.145514 0.097433      0.0
2.81817 0.26031 1.32531  0.083371 0.056092      0.0
2.81817 0.26031 1.32531  0.169593 0.099744      0.0
2.81817 0.26031 1.32531  0.272393 0.115620      0.0
2.81817 0.26031 1.32531  0.118556 0.151613      0.0
2.81817 0.26031 1.32531  0.043100 0.298643      0.0
2.81817 0.26031 1.32531  0.231928 0.137675      0.0
2.81817 0.26031 1.32531 -0.029558 0.146730      0.0
2.81817 0.26031 1.32531  0.026746 0.159911      0.0
2.81817 0.26031 1.32531  0.087071 0.182805      0.0
2.81817 0.26031 1.32531  0.018546 0.176053      0.0
2.81817 0.26031 1.32531  0.096136 0.165154      0.0
2.81817 0.26031 1.32531 -0.228615 0.142159      0.0
2.81817 0.26031 1.32531 -0.104514 0.124091      0.0
2.81817 0.26031 1.32531 -0.125472 0.071511      0.0
2.81817 0.26031 1.32531 -0.053192 0.044629      0.0
2.86773 0.38398 1.42667 -0.100172 0.165180      0.0
2.86773 0.38398 1.42667  0.171526 0.255922      0.0
2.86773 0.38398 1.42667  0.012677 0.304294      0.0
2.86773 0.38398 1.42667 -0.325731 0.279474      0.0
2.86773 0.38398 1.42667 -0.208727 0.150423      0.0
3.65053 0.26778 0.23381  0.051127 0.056756      0.0
3.65053 0.26778 0.23381  0.118100 0.066538      0.0
3.65053 0.26778 0.23381 -0.098735 0.083705      0.0
3.65053 0.26778 0.23381 -0.019209 0.119121      0.0
3.65053 0.26778 0.23381  0.364558 0.096865      0.0
3.65053 0.26778 0.23381 -0.072426 0.125285      0.0
3.65053 0.26778 0.23381  0.383826 0.098817      0.0
3.65053 0.26778 0.23381  0.090663 0.124786      0.0
3.65053 0.26778 0.23381  0.363537 0.093419      0.0
3.65053 0.26778 0.23381  0.353897 0.082326      0.0
3.65053 0.26778 0.23381 -0.097638 0.108626      0.0
3.65053 0.26778 0.23381  0.021004 0.127069      0.0
3.65053 0.26778 0.23381 -0.034007 0.136369      0.0
3.65053 0.26778 0.23381 -0.193045 0.164653      0.0
3.65053 0.26778 0.23381 -0.361004 0.132202      0.0
3.65053 0.26778 0.23381 -0.186677 0.128481      0.0
3.65053 0.26778 0.23381 -0.158087 0.101202      0.0
3.65053 0.26778 0.23381 -0.100790 0.064516      0.0
3.65053 0.26778 0.23381  0.002852 0.057181      0.0
4.07611 0.41038 0.35158  0.047082 0.100447      0.0
4.07611 0.41038 0.35158  0.251311 0.093203      0.0
4.07611 0.41038 0.35158  0.322697 0.094166      0.0
4.07611 0.41038 0.35158  0.321751 0.125553      0.0
4.07611 0.41038 0.35158  0.250937 0.139276      0.0
4.07611 0.41038 0.35158  0.341578 0.113736      0.0
4.07611 0.41038 0.35158  0.239653 0.106293      0.0
4.07611 0.41038 0.35158 -0.161205 0.186346      0.0
4.07611 0.41038 0.35158  0.141065 0.126012      0.0
4.07611 0.41038 0.35158  0.101678 0.148114      0.0
4.07611 0.41038 0.35158  0.111447 0.136142      0.0
4.07611 0.41038 0.35158 -0.371198 0.208519      0.0
4.07611 0.41038 0.35158  0.055715 0.125606      0.0
4.07611 0.41038 0.35158 -0.323790 0.135149      0.0
4.07611 0.41038 0.35158 -0.076679 0.134883      0.0
4.07611 0.41038 0.35158 -0.078286 0.144032      0.0
4.07611 0.41038 0.35158 -0.167092 0.130196      0.0
4.07611 0.41038 0.35158 -0.204259 0.125983      0.0
4.07611 0.41038 0.35158 -0.036414 0.089397      0.0
3.73571 0.26564 0.37634  0.006931 0.032543      0.0
3.73571 0.26564 0.37634  0.087272 0.034012      0.0
3.73571 0.26564 0.37634  0.170162 0.039350      0.0
3.73571 0.26564 0.37634  0.263660 0.072775      0.0
3.73571 0.26564 0.37634  0.286740 0.107549      0.0
3.73571 0.26564 0.37634  0.473860 0.073866      0.0
3.73571 0.26564 0.37634  0.450420 0.097022      0.0
3.73571 0.26564 0.37634  0.345713 0.089395      0.0
3.73571 0.26564 0.37634  0.295420 0.092335      0.0
3.73571 0.26564 0.37634  0.275971 0.096502      0.0
3.73571 0.26564 0.37634  0.372968 0.086854      0.0
3.73571 0.26564 0.37634  0.337962 0.089268      0.0
3.73571 0.26564 0.37634  0.190433 0.107669      0.0
3.73571 0.26564 0.37634  0.017480 0.099779      0.0
3.73571 0.26564 0.37634 -0.133777 0.117863      0.0
3.73571 0.26564 0.37634 -0.160550 0.110770      0.0
3.73571 0.26564 0.37634 -0.246107 0.110439      0.0
3.73571 0.26564 0.37634 -0.009215 0.134881      0.0
3.73571 0.26564 0.37634 -0.179358 0.113728      0.0
3.73571 0.26564 0.37634 -0.194413 0.118869      0.0
3.73571 0.26564 0.37634 -0.118860 0.049611      0.0
3.73571 0.26564 0.37634 -0.060968 0.037743      0.0
3.73571 0.26564 0.37634 -0.036341 0.029286      0.0
4.05270 0.40009 0.50901  0.040962 0.089055      0.0
4.05270 0.40009 0.50901  0.049941 0.086866      0.0
4.05270 0.40009 0.50901  0.166798 0.089117      0.0
4.05270 0.40009 0.50901  0.200614 0.097399      0.0
4.05270 0.40009 0.50901  0.255900 0.105491      0.0
4.05270 0.40009 0.50901  0.213033 0.112751      0.0
4.05270 0.40009 0.50901  0.136660 0.145380      0.0
4.05270 0.40009 0.50901  0.077805 0.171202      0.0
4.05270 0.40009 0.50901  0.475538 0.124285      0.0
4.05270 0.40009 0.50901 -0.137962 0.179284      0.0
4.05270 0.40009 0.50901  0.066050 0.124123      0.0
4.05270 0.40009 0.50901 -0.192334 0.163466      0.0
4.05270 0.40009 0.50901 -0.264531 0.147559      0.0
4.05270 0.40009 0.50901 -0.259074 0.146275      0.0
4.05270 0.40009 0.50901 -0.198411 0.125525      0.0
4.05270 0.40009 0.50901 -0.317473 0.105706      0.0
4.05270 0.40009 0.50901 -0.101644 0.084782      0.0
4.05270 0.40009 0.50901  0.089935 0.078757      0.0
3.80230 0.27187 0.64104  0.078797 0.039204      0.0
3.80230 0.27187 0.64104  0.030298 0.038374      0.0
3.80230 0.27187 0.64104  0.076143 0.036048      0.0
3.80230 0.27187 0.64104  0.178237 0.066638      0.0
3.80230 0.27187 0.64104  0.171662 0.113116      0.0
3.80230 0.27187 0.64104  0.173902 0.110484      0.0
3.80230 0.27187 0.64104 -0.030234 0.132991      0.0
3.80230 0.27187 0.64104  0.342648 0.104180      0.0
3.80230 0.27187 0.64104  0.113748 0.115129      0.0
3.80230 0.27187 0.64104 -0.023495 0.118537      0.0
3.80230 0.27187 0.64104 -0.001580 0.125757      0.0
3.80230 0.27187 0.64104  0.145221 0.129775      0.0
3.80230 0.27187 0.64104 -0.126623 0.123021      0.0
3.80230 0.27187 0.64104 -0.222095 0.103920      0.0
3.80230 0.27187 0.64104  0.056024 0.124762      0.0
3.80230 0.27187 0.64104 -0.150521 0.119026      0.0
3.80230 0.27187 0.64104 -0.297347 0.101156      0.0
3.80230 0.27187 0.64104 -0.136018 0.075995      0.0
3.80230 0.27187 0.64104 -0.153913 0.034507      0.0
3.80230 0.27187 0.64104 -0.150506 0.035647      0.0
3.80230 0.27187 0.64104 -0.032829 0.039415      0.0
4.09765 0.40697 0.78327  0.144509 0.092153      0.0
4.09765 0.40697 0.78327  0.261773 0.107740      0.0
4.09765 0.40697 0.78327  0.189717 0.110576      0.0
4.09765 0.40697 0.78327  0.101756 0.134151      0.0
4.09765 0.40697 0.78327  0.140582 0.152441      0.0
4.09765 0.40697 0.78327  0.300633 0.138540      0.0
4.09765 0.40697 0.78327  0.342338 0.143944      0.0
4.09765 0.40697 0.78327 -0.008761 0.179501      0.0
4.09765 0.40697 0.78327 -0.075202 0.167795      0.0
4.09765 0.40697 0.78327  0.247526 0.112557      0.0
4.09765 0.40697 0.78327 -0.257792 0.139193      0.0
4.09765 0.40697 0.78327 -0.124568 0.165145      0.0
4.09765 0.40697 0.78327 -0.042710 0.165416      0.0
4.09765 0.40697 0.78327 -0.285722 0.179772      0.0
4.09765 0.40697 0.78327 -0.307960 0.168794      0.0
4.09765 0.40697 0.78327 -0.138556 0.129607      0.0
4.09765 0.40697 0.78327  0.118355 0.077580      0.0
3.82223 0.28079 1.40738  0.005892 0.092595      0.0
3.82223 0.28079 1.40738  0.006290 0.061555      0.0
3.82223 0.28079 1.40738  0.059546 0.050438      0.0
3.82223 0.28079 1.40738  0.149593 0.111152      0.0
3.82223 0.28079 1.40738  0.108571 0.118607      0.0
3.82223 0.28079 1.40738  0.544523 0.238439      0.0
3.82223 0.28079 1.40738 -0.155542 0.165412      0.0
3.82223 0.28079 1.40738 -0.348308 0.137935      0.0
3.82223 0.28079 1.40738 -0.409167 0.195079      0.0
3.82223 0.28079 1.40738  0.049302 0.147324      0.0
3.82223 0.28079 1.40738 -0.215604 0.151021      0.0
3.82223 0.28079 1.40738 -0.247324 0.125897      0.0
3.82223 0.28079 1.40738 -0.086583 0.052476      0.0
3.82223 0.28079 1.40738 -0.088553 0.055081      0.0
3.82223 0.28079 1.40738 -0.063524 0.082866      0.0
4.15476 0.40258 1.71891  0.193140 0.088594      0.0
4.15476 0.40258 1.71891  0.252487 0.121625      0.0
4.15476 0.40258 1.71891 -0.301709 0.204879      0.0
4.15476 0.40258 1.71891  0.025361 0.257143      0.0
4.15476 0.40258 1.71891  0.004528 0.191977      0.0
4.15476 0.40258 1.71891  0.273953 0.134100      0.0
4.15476 0.40258 1.71891  0.174142 0.136185      0.0
4.15476 0.40258 1.71891 -0.053742 0.186962      0.0
4.15476 0.40258 1.71891 -0.298676 0.201480      0.0
4.15476 0.40258 1.71891  0.018865 0.213080      0.0
4.15476 0.40258 1.71891 -0.281180 0.154406      0.0
4.15476 0.40258 1.71891 -0.095559 0.095439      0.0
4.15476 0.40258 1.71891 -0.093155 0.086315      0.0
5.94066 0.45489 0.41789  0.102381 0.121604      0.0
5.94066 0.45489 0.41789 -0.018874 0.155205      0.0
5.94066 0.45489 0.41789  0.216617 0.112811      0.0
5.94066 0.45489 0.41789  0.219210 0.097714      0.0
5.94066 0.45489 0.41789  0.360033 0.085614      0.0
5.94066 0.45489 0.41789  0.152528 0.158167      0.0
5.94066 0.45489 0.41789 -0.080397 0.176228      0.0
5.94066 0.45489 0.41789 -0.458683 0.173740      0.0
5.94066 0.45489 0.41789 -0.152424 0.105419      0.0
5.94066 0.45489 0.41789 -0.010941 0.089312      0.0
5.78181 0.43507 0.57296  0.107154 0.118916      0.0
5.78181 0.43507 0.57296  0.085009 0.111599      0.0
5.78181 0.43507 0.57296  0.231968 0.106133      0.0
5.78181 0.43507 0.57296  0.386031 0.086884      0.0
5.78181 0.43507 0.57296  0.457585 0.125493      0.0
5.78181 0.43507 0.57296 -0.262862 0.186926      0.0
5.78181 0.43507 0.57296 -0.224471 0.162575      0.0
5.78181 0.43507 0.57296 -0.302929 0.203322      0.0
5.78181 0.43507 0.57296 -0.222589 0.119596      0.0
5.78181 0.43507 0.57296  0.004352 0.101593      0.0
5.73104 0.41530 0.81801  0.006960 0.090160      0.0
5.73104 0.41530 0.81801  0.179663 0.095381      0.0
5.73104 0.41530 0.81801  0.208626 0.122514      0.0
5.73104 0.41530 0.81801  0.240605 0.127413      0.0
5.73104 0.41530 0.81801  0.320318 0.117563      0.0
5.73104 0.41530 0.81801 -0.055410 0.176181      0.0
5.73104 0.41530 0.81801 -0.035074 0.196677      0.0
5.73104 0.41530 0.81801 -0.119202 0.195571      0.0
5.73104 0.41530 0.81801 -0.567327 0.215921      0.0
5.73104 0.41530 0.81801 -0.302393 0.175484      0.0
5.73104 0.41530 0.81801 -0.075503 0.126520      0.0
5.73104 0.41530 0.81801 -0.003262 0.107491      0.0
5.73104 0.41530 0.81801 -0.166671 0.077438      0.0
5.88232 0.43608 1.83320 -0.114737 0.125838      0.0
5.88232 0.43608 1.83320  0.181528 0.075749      0.0
5.88232 0.43608 1.83320  0.287659 0.099563      0.0
5.88232 0.43608 1.83320  0.187699 0.135272      0.0
5.88232 0.43608 1.83320  0.192555 0.218142      0.0
5.88232 0.43608 1.83320  0.044302 0.256482      0.0
5.88232 0.43608 1.83320  0.469828 0.191509      0.0
5.88232 0.43608 1.83320 -0.605469 0.331340      0.0
5.88232 0.43608 1.83320 -0.193440 0.199536      0.0
5.88232 0.43608 1.83320 -0.207982 0.163604      0.0
5.88232 0.43608 1.83320  0.212485 0.122316      0.0
5.88232 0.43608 1.83320 -0.234214 0.083371      0.0
5.88232 0.43608 1.83320  0.097032 0.102245      0.0
7.16866 0.61524 2.73428  0.242551 0.162573      0.0
7.16866 0.61524 2.73428  0.237649 0.221741      0.0
7.16866 0.61524 2.73428  0.355816 0.278165      0.0
7.16866 0.61524 2.73428 -0.179979 0.200663      0.0
7.16866 0.61524 2.73428  0.133889 0.154548      0.0
