id = 184
editor = MH


### Experiment

collaboration = CLAS
process = ep2epgamma
exptype = fixed target
year = 2022
reference = arxiv.org/pdf/2211.11274
inspiretex = CLAS:2022syx
reference2 = bin averages by M.H.

### Scattering Process

frame = Trento

in1particle = em
in1energy = 10.6
in1energyunit = GeV
in1polarizationvector = L
in1polarization = +1

in2particle = p

out1particle = em
out2particle = p
out3particle = gamma


### Observable 
# A_{LU}


y1name = ALU
y1namelong = Beam Spin Asymmetry
y1unit = 1
y1value = column5
y1errorstatistic = column6 
y1errorsystematic = column7 
# only statistical error is given to us so syst error is 0

### x-axes

x1name = xB
x1unit = 1
x1value = column2

x2name = Q2
x2unit = GeV^2
x2value = column1

x3name = tm
x3unit = GeV^2
x3value = column3

x4name = phi
x4unit = deg
x4value = column4

### Data
#
#  CLAS 2023 ALU
#                                                        error
#   Q2     xB     -t         phi            ALU       stat    syst
#################################################################
1.17006 0.09397 0.15512 5.479378741330504 -0.00401505 0.0153526 0
1.17006 0.09397 0.15512 16.32952634434651 0.063576 0.0164779 0
1.17006 0.09397 0.15512 26.943225724467936 0.0983536 0.0173404 0
1.17006 0.09397 0.15512 37.68498117180109 0.145918 0.0168122 0
1.17006 0.09397 0.15512 48.52906688134462 0.165289 0.0183801 0
1.17006 0.09397 0.15512 58.720152591777556 0.226742 0.0220662 0
1.17006 0.09397 0.15512 69.42529603600185 0.170445 0.0358811 0
1.17006 0.09397 0.15512 80.05022538890783 0.201054 0.0512921 0
1.17006 0.09397 0.15512 93.92096065122993 0.196896 0.0689447 0
1.17006 0.09397 0.15512 106.08600055744758 0.19516 0.0806462 0
1.17006 0.09397 0.15512 117.60474407075765 0.22057 0.058886 0
1.17006 0.09397 0.15512 127.87214775950201 0.102624 0.0593524 0
1.17006 0.09397 0.15512 138.8878343286872 0.153486 0.0460841 0
1.17006 0.09397 0.15512 149.45661381767036 0.197954 0.0476778 0
1.17006 0.09397 0.15512 160.05977077436137 0.0944589 0.0478898 0
1.17006 0.09397 0.15512 170.68584604285763 -0.000287466 0.0581132 0
1.17006 0.09397 0.15512 181.37265483763775 0.051989 0.064546 0
1.17006 0.09397 0.15512 192.60491945338242 -0.093807 0.0695206 0
1.17006 0.09397 0.15512 203.27969613446476 -0.00275131 0.0675397 0
1.17006 0.09397 0.15512 213.91952239004416 -0.181496 0.0858614 0
1.17006 0.09397 0.15512 230.53357957545265 -0.434516 0.101771 0
1.17006 0.09397 0.15512 274.30411737667674 -0.396749 0.129083 0
1.17006 0.09397 0.15512 287.03581254227873 -0.138658 0.0578388 0
1.17006 0.09397 0.15512 297.58110076166156 -0.209361 0.0319571 0
1.17006 0.09397 0.15512 308.07768756845826 -0.21347 0.0210983 0
1.17006 0.09397 0.15512 318.6350079015388 -0.153312 0.0188983 0
1.17006 0.09397 0.15512 329.21008992626844 -0.0964044 0.017923 0
1.17006 0.09397 0.15512 339.9415894290687 -0.152948 0.0189522 0
1.17006 0.09397 0.15512 352.76037417953063 -0.0428874 0.0157058 0
1.20288 0.16264 0.16717 5.547394561190484 0.00788785 0.0404457 0
1.20288 0.16264 0.16717 16.05387634910908 0.111085 0.0357623 0
1.20288 0.16264 0.16717 26.652678826557096 0.13975 0.041485 0
1.20288 0.16264 0.16717 37.478601773994974 0.253767 0.0494776 0
1.20288 0.16264 0.16717 48.0301352333447 0.245527 0.071006 0
1.20288 0.16264 0.16717 61.412481271097285 0.368885 0.0662578 0
1.20288 0.16264 0.16717 73.97916459170163 0.186504 0.101813 0
1.20288 0.16264 0.16717 86.21295943333497 0.262475 0.0815877 0
1.20288 0.16264 0.16717 98.98476164459616 0.369252 0.0845168 0
1.20288 0.16264 0.16717 109.7351687546358 0.278611 0.0790118 0
1.20288 0.16264 0.16717 122.39409828025619 0.191706 0.0953673 0
1.20288 0.16264 0.16717 136.62121329114967 0.14783 0.0808019 0
1.20288 0.16264 0.16717 151.65046921522628 0.379569 0.063099 0
1.20288 0.16264 0.16717 163.1663479395607 -0.00486285 0.106568 0
1.20288 0.16264 0.16717 180.45191166086252 0.0432002 0.0961048 0
1.20288 0.16264 0.16717 202.08966279397805 0.00926254 0.0996819 0
1.20288 0.16264 0.16717 221.592000224641 -0.0338408 0.0974044 0
1.20288 0.16264 0.16717 246.25439555825218 -0.111513 0.114352 0
1.20288 0.16264 0.16717 273.90247396229006 -0.404022 0.129525 0
1.20288 0.16264 0.16717 320.0834452076295 -0.118507 0.100433 0
1.20288 0.16264 0.16717 337.3162968117793 -0.0804759 0.0734451 0
1.20288 0.16264 0.16717 351.8098371974086 -0.0738377 0.0315014 0
1.23121 0.2388 0.18872 5.184689358560868 0.0628241 0.0760889 0
1.23121 0.2388 0.18872 16.02975482593407 0.0492491 0.0771939 0
1.23121 0.2388 0.18872 26.658981362303535 0.297452 0.0649485 0
1.23121 0.2388 0.18872 38.555647837281896 0.235944 0.0843466 0
1.23121 0.2388 0.18872 59.397961663417306 0.285763 0.0914843 0
1.23121 0.2388 0.18872 89.88561890012355 0.0130705 0.156915 0
1.23121 0.2388 0.18872 272.0317667611879 0.136644 0.170144 0
1.23121 0.2388 0.18872 312.7180727512228 -0.106074 0.138749 0
1.23121 0.2388 0.18872 335.3189659379533 -0.163488 0.119169 0
1.23121 0.2388 0.18872 351.2918833506103 -0.082403 0.0707024 0
1.17098 0.09829 0.29026 5.578798377941604 0.0584737 0.0226203 0
1.17098 0.09829 0.29026 16.6084421990162 0.0973894 0.0187394 0
1.17098 0.09829 0.29026 27.26878034366127 0.12513 0.0155078 0
1.17098 0.09829 0.29026 37.97575725282999 0.159234 0.0140607 0
1.17098 0.09829 0.29026 48.0533400240475 0.151797 0.0160885 0
1.17098 0.09829 0.29026 58.24287874843357 0.243558 0.0293341 0
1.17098 0.09829 0.29026 68.98354557595599 0.0223399 0.090008 0
1.17098 0.09829 0.29026 95.19579174539602 -0.00221551 0.104319 0
1.17098 0.09829 0.29026 113.81348234037699 0.281879 0.0738019 0
1.17098 0.09829 0.29026 124.72431763305325 0.0733999 0.0624361 0
1.17098 0.09829 0.29026 135.39049994720867 0.0198674 0.056601 0
1.17098 0.09829 0.29026 145.74957688317394 0.0534143 0.0465421 0
1.17098 0.09829 0.29026 156.90621106996133 0.0682335 0.0431187 0
1.17098 0.09829 0.29026 167.17132292752515 -0.0629471 0.0442703 0
1.17098 0.09829 0.29026 178.0684072331183 -0.0157314 0.0517939 0
1.17098 0.09829 0.29026 188.69161771263887 -0.141388 0.0649158 0
1.17098 0.09829 0.29026 199.44546256944932 -0.0911124 0.0758307 0
1.17098 0.09829 0.29026 210.54938463908468 -0.0686843 0.0806255 0
1.17098 0.09829 0.29026 220.91419115300124 -0.0931732 0.101286 0
1.17098 0.09829 0.29026 235.7824459366461 -0.0423303 0.119326 0
1.17098 0.09829 0.29026 250.48969957985923 0.00519163 0.0854588 0
1.17098 0.09829 0.29026 260.9839945554754 -0.328399 0.0790022 0
1.17098 0.09829 0.29026 271.7544551883446 -0.199469 0.0719668 0
1.17098 0.09829 0.29026 282.65383132511823 -0.326399 0.0710539 0
1.17098 0.09829 0.29026 294.15939680914033 -0.187768 0.0500894 0
1.17098 0.09829 0.29026 304.85422701305225 -0.192162 0.026398 0
1.17098 0.09829 0.29026 315.20241775091006 -0.13929 0.0178284 0
1.17098 0.09829 0.29026 325.6863994862139 -0.171694 0.0162628 0
1.17098 0.09829 0.29026 336.30044264101235 -0.136432 0.0172189 0
1.17098 0.09829 0.29026 349.7552105440695 -0.0298932 0.0168785 0
1.20665 0.15748 0.32277 5.222367063168671 0.066987 0.0306045 0
1.20665 0.15748 0.32277 14.864186783299434 0.112146 0.0454023 0
1.20665 0.15748 0.32277 37.030606073982185 0.2223 0.0765077 0
1.20665 0.15748 0.32277 72.85272956647444 0.0895558 0.123115 0
1.20665 0.15748 0.32277 100.3650169730663 0.133169 0.117604 0
1.20665 0.15748 0.32277 112.8749774719527 0.229122 0.103194 0
1.20665 0.15748 0.32277 123.93248996018245 0.151947 0.111326 0
1.20665 0.15748 0.32277 135.42545037271165 0.0154519 0.112687 0
1.20665 0.15748 0.32277 146.1283019857554 0.023972 0.0854336 0
1.20665 0.15748 0.32277 156.6323372438888 0.173589 0.084495 0
1.20665 0.15748 0.32277 166.8705200850815 -0.180139 0.100208 0
1.20665 0.15748 0.32277 177.90167651473521 0.0458699 0.0841583 0
1.20665 0.15748 0.32277 188.99815013303387 -0.0561159 0.107109 0
1.20665 0.15748 0.32277 200.0883212155861 -0.0842423 0.0887338 0
1.20665 0.15748 0.32277 210.31619081646642 0.107171 0.0969639 0
1.20665 0.15748 0.32277 222.98084992003814 -0.0153734 0.109757 0
1.20665 0.15748 0.32277 241.35617936767878 0.0282101 0.125664 0
1.20665 0.15748 0.32277 262.55046116736304 -0.231368 0.14966 0
1.20665 0.15748 0.32277 279.51115781882567 -0.291731 0.125978 0
1.20665 0.15748 0.32277 297.7529881002008 -0.333396 0.107416 0
1.20665 0.15748 0.32277 311.78701633413516 -0.308636 0.0955393 0
1.20665 0.15748 0.32277 327.0540497431911 -0.279221 0.086342 0
1.20665 0.15748 0.32277 352.40857809332033 -0.0272579 0.0277363 0
1.23055 0.23951 0.34267 5.193719173412131 -0.0168883 0.0886718 0
1.23055 0.23951 0.34267 19.035835193867445 0.241084 0.0755443 0
1.23055 0.23951 0.34267 48.52482699366065 0.108479 0.157647 0
1.23055 0.23951 0.34267 115.64121770684432 0.103166 0.197125 0
1.23055 0.23951 0.34267 264.15130524695854 -0.35183 0.296074 0
1.23055 0.23951 0.34267 303.8567074917295 -0.00844682 0.150572 0
1.23055 0.23951 0.34267 349.93110858717466 -0.067066 0.0715668 0
1.16069 0.09807 0.55942 14.862868980370635 0.0184197 0.0568613 0
1.16069 0.09807 0.55942 24.13642007768106 0.107098 0.0165088 0
1.16069 0.09807 0.55942 33.877791214715806 0.0659403 0.0162303 0
1.16069 0.09807 0.55942 43.9193922363991 0.0887407 0.0298377 0
1.16069 0.09807 0.55942 55.032137856079466 0.236076 0.051841 0
1.16069 0.09807 0.55942 66.39950591991597 0.243359 0.0646125 0
1.16069 0.09807 0.55942 77.81740886128303 0.285523 0.0730006 0
1.16069 0.09807 0.55942 102.6958092836585 -0.00907658 0.11479 0
1.16069 0.09807 0.55942 125.31217233085748 -0.049887 0.103501 0
1.16069 0.09807 0.55942 139.17946984640878 0.0369868 0.0942393 0
1.16069 0.09807 0.55942 149.34660592100525 0.189639 0.0622003 0
1.16069 0.09807 0.55942 160.34567671413168 0.0178736 0.0654931 0
1.16069 0.09807 0.55942 170.76204942961004 -0.166659 0.0746628 0
1.16069 0.09807 0.55942 181.7937788170589 0.280896 0.0608324 0
1.16069 0.09807 0.55942 192.58543888834797 -0.0145401 0.111188 0
1.16069 0.09807 0.55942 204.778553726527 -0.0101048 0.097186 0
1.16069 0.09807 0.55942 225.5362416863216 -0.15438 0.104113 0
1.16069 0.09807 0.55942 245.22192561142643 -0.102152 0.102915 0
1.16069 0.09807 0.55942 257.3531610077314 -0.156739 0.0912193 0
1.16069 0.09807 0.55942 268.5355782952996 -0.0585814 0.0782172 0
1.16069 0.09807 0.55942 279.3444271004426 -0.0775793 0.0699015 0
1.16069 0.09807 0.55942 289.6404786789435 -0.109989 0.0672654 0
1.16069 0.09807 0.55942 300.8400847003657 -0.174642 0.0730375 0
1.16069 0.09807 0.55942 312.363984833832 -0.125972 0.0468792 0
1.16069 0.09807 0.55942 322.87432262771176 -0.138529 0.0216395 0
1.16069 0.09807 0.55942 332.91827277635514 -0.0688859 0.015368 0
1.16069 0.09807 0.55942 341.2147016498494 -0.100785 0.0286473 0
1.20139 0.16075 0.58099 5.966954365830932 0.0192736 0.0364247 0
1.20139 0.16075 0.58099 15.851794134766434 0.0503379 0.0305856 0
1.20139 0.16075 0.58099 26.387743142088603 0.158211 0.0743348 0
1.20139 0.16075 0.58099 38.331277564708664 -0.0543047 0.0751093 0
1.20139 0.16075 0.58099 48.384566925412635 0.171522 0.0642351 0
1.20139 0.16075 0.58099 58.62217680881018 0.23415 0.0713848 0
1.20139 0.16075 0.58099 71.47247423800428 0.228971 0.0949233 0
1.20139 0.16075 0.58099 95.00556975741259 0.139941 0.125954 0
1.20139 0.16075 0.58099 121.97984979437662 -0.0774756 0.128495 0
1.20139 0.16075 0.58099 141.77324978496605 0.291823 0.0813648 0
1.20139 0.16075 0.58099 156.2902814401957 0.0315649 0.110745 0
1.20139 0.16075 0.58099 167.42457027297297 -0.0188872 0.115662 0
1.20139 0.16075 0.58099 178.71241179484534 -0.028082 0.118077 0
1.20139 0.16075 0.58099 190.70900210929452 -0.160986 0.109496 0
1.20139 0.16075 0.58099 204.89658303232395 0.100387 0.0951628 0
1.20139 0.16075 0.58099 220.3612868807 0.128846 0.103068 0
1.20139 0.16075 0.58099 248.0993196585734 0.144881 0.137362 0
1.20139 0.16075 0.58099 266.87686547839587 0.198461 0.102488 0
1.20139 0.16075 0.58099 278.667190986598 -0.225531 0.142514 0
1.20139 0.16075 0.58099 290.19911252919604 -0.210363 0.123943 0
1.20139 0.16075 0.58099 300.6601759526946 -0.0701404 0.0863065 0
1.20139 0.16075 0.58099 311.37047601707513 -0.142176 0.0764416 0
1.20139 0.16075 0.58099 321.7730977454703 -0.26477 0.0679061 0
1.20139 0.16075 0.58099 333.9639207524688 -0.0884502 0.0664479 0
1.20139 0.16075 0.58099 344.1499644343046 -0.0709303 0.0267092 0
1.20139 0.16075 0.58099 353.7750824347074 -0.00569041 0.0362944 0
1.22297 0.23502 0.63939 13.56815625071351 0.0690111 0.0807899 0
1.22297 0.23502 0.63939 52.368113291839194 -0.0101473 0.173151 0
1.22297 0.23502 0.63939 271.6026213726349 -0.138076 0.20933 0
1.22297 0.23502 0.63939 307.1282965019265 -0.294677 0.158553 0
1.22297 0.23502 0.63939 330.75363822635086 -0.122697 0.109817 0
1.16971 0.09702 1.05316 5.635194613716332 0.0744695 0.0220526 0
1.16971 0.09702 1.05316 15.807619088761848 -0.0100643 0.0274823 0
1.16971 0.09702 1.05316 25.562855804438758 0.117237 0.0586395 0
1.16971 0.09702 1.05316 48.93724201459582 -0.0662802 0.140575 0
1.16971 0.09702 1.05316 81.80404919980329 0.320182 0.0845165 0
1.16971 0.09702 1.05316 117.70902238947144 0.151726 0.163511 0
1.16971 0.09702 1.05316 155.59757546588253 0.118918 0.132329 0
1.16971 0.09702 1.05316 185.6509306938796 -0.0195084 0.120093 0
1.16971 0.09702 1.05316 229.65580823331223 -0.408619 0.236788 0
1.16971 0.09702 1.05316 263.8499294467198 0.128651 0.120111 0
1.16971 0.09702 1.05316 289.63761388996784 0.151543 0.0994825 0
1.16971 0.09702 1.05316 328.520821698726 -0.206049 0.125064 0
1.16971 0.09702 1.05316 341.04281431131017 -0.0174061 0.0307074 0
1.16971 0.09702 1.05316 352.2412744171421 -0.0321333 0.0194224 0
1.21637 0.15868 1.09183 9.421660687351745 -0.0499286 0.0519026 0
1.21637 0.15868 1.09183 17.92893802945421 0.101795 0.0705833 0
1.21637 0.15868 1.09183 42.08776075692488 -0.125322 0.105938 0
1.21637 0.15868 1.09183 64.43540659820752 -0.111066 0.131021 0
1.21637 0.15868 1.09183 163.41501162264748 0.0150266 0.127203 0
1.21637 0.15868 1.09183 199.87747274697793 -0.204731 0.188634 0
1.21637 0.15868 1.09183 235.79333213475363 0.296705 0.175919 0
1.21637 0.15868 1.09183 272.6167566700165 -0.068472 0.192555 0
1.21637 0.15868 1.09183 307.3689387758814 -0.0816408 0.166549 0
1.21637 0.15868 1.09183 340.3758914377779 -0.030561 0.0673885 0
1.21637 0.15868 1.09183 350.2617052349651 0.0350375 0.0464439 0
1.55841 0.112 0.15729 5.563557700591125 0.0192776 0.0258981 0
1.55841 0.112 0.15729 16.25475535208194 0.0742729 0.0231447 0
1.55841 0.112 0.15729 26.996682686753644 0.0847095 0.0214654 0
1.55841 0.112 0.15729 37.67231880452871 0.110276 0.0258141 0
1.55841 0.112 0.15729 48.17709890779575 0.193822 0.0272789 0
1.55841 0.112 0.15729 58.638219627073845 0.208435 0.0397022 0
1.55841 0.112 0.15729 69.13767122284618 0.020469 0.11428 0
1.55841 0.112 0.15729 91.45495030098687 0.374287 0.0610126 0
1.55841 0.112 0.15729 116.12995070609091 0.0208766 0.0888863 0
1.55841 0.112 0.15729 130.04938738099912 0.256696 0.0641645 0
1.55841 0.112 0.15729 144.33666296038132 0.255783 0.0670548 0
1.55841 0.112 0.15729 156.25361214130731 -0.0495801 0.0898187 0
1.55841 0.112 0.15729 169.00421491414866 0.159925 0.0769243 0
1.55841 0.112 0.15729 183.43243811113305 0.0147037 0.0940127 0
1.55841 0.112 0.15729 201.06578721407925 0.0969284 0.0770513 0
1.55841 0.112 0.15729 223.5549536307592 -0.521007 0.163603 0
1.55841 0.112 0.15729 291.07000837779486 -0.302465 0.153381 0
1.55841 0.112 0.15729 301.2589168486063 -0.165468 0.0499925 0
1.55841 0.112 0.15729 311.73029351241723 -0.194213 0.0319679 0
1.55841 0.112 0.15729 322.0933811529485 -0.17687 0.0257489 0
1.55841 0.112 0.15729 332.87816573069597 -0.0843754 0.0247865 0
1.55841 0.112 0.15729 343.50194916801166 -0.120179 0.0271862 0
1.55841 0.112 0.15729 354.34804022983815 -0.0384128 0.0259585 0
1.60686 0.16238 0.17049 5.471466194179747 0.0471181 0.0406104 0
1.60686 0.16238 0.17049 15.859127994544108 0.0552729 0.0501996 0
1.60686 0.16238 0.17049 26.925120258141803 0.168115 0.0513254 0
1.60686 0.16238 0.17049 37.64831187291272 0.292582 0.0509047 0
1.60686 0.16238 0.17049 48.43246619708557 0.267475 0.0672752 0
1.60686 0.16238 0.17049 59.348687293036065 0.159411 0.0798073 0
1.60686 0.16238 0.17049 69.83954452188144 0.36865 0.0586386 0
1.60686 0.16238 0.17049 80.80939446745617 0.353226 0.0576213 0
1.60686 0.16238 0.17049 93.38467215498748 0.447105 0.0506948 0
1.60686 0.16238 0.17049 107.38088517444324 0.444565 0.056831 0
1.60686 0.16238 0.17049 120.16242766822165 0.117028 0.102014 0
1.60686 0.16238 0.17049 131.54595314188083 0.0778702 0.0854056 0
1.60686 0.16238 0.17049 141.9359697987832 -0.144068 0.110288 0
1.60686 0.16238 0.17049 153.33210034393525 0.0896505 0.100031 0
1.60686 0.16238 0.17049 165.5550089874611 -0.144689 0.106023 0
1.60686 0.16238 0.17049 181.8367506516937 -0.00925932 0.101214 0
1.60686 0.16238 0.17049 199.44546256944932 -0.00935696 0.0982582 0
1.60686 0.16238 0.17049 217.829959341812 0.0414421 0.0988535 0
1.60686 0.16238 0.17049 246.08938371325448 -0.166921 0.0932685 0
1.60686 0.16238 0.17049 279.788469391669 -0.477234 0.131936 0
1.60686 0.16238 0.17049 317.8002083940332 -0.176149 0.0952751 0
1.60686 0.16238 0.17049 333.38924408395263 -0.224156 0.0874888 0
1.60686 0.16238 0.17049 343.97521230678973 -0.0713077 0.0568213 0
1.60686 0.16238 0.17049 354.8768802747439 -0.036556 0.0429403 0
1.60722 0.25484 0.19802 5.771461166132296 0.0294403 0.0686881 0
1.60722 0.25484 0.19802 16.086248464533966 0.210652 0.0594872 0
1.60722 0.25484 0.19802 26.788355232444076 0.24699 0.0663132 0
1.60722 0.25484 0.19802 37.58522921966882 0.249776 0.0769121 0
1.60722 0.25484 0.19802 49.82819138602425 0.308395 0.0849806 0
1.60722 0.25484 0.19802 68.1642159289189 0.255218 0.0887917 0
1.60722 0.25484 0.19802 92.43929179302162 0.30215 0.0876917 0
1.60722 0.25484 0.19802 273.4423888528 -0.290641 0.193335 0
1.60722 0.25484 0.19802 308.299995192969 -0.224031 0.131323 0
1.60722 0.25484 0.19802 325.9092800685197 -0.145822 0.105071 0
1.60722 0.25484 0.19802 336.9553334008469 -0.281233 0.102683 0
1.60722 0.25484 0.19802 351.38470251342153 -0.0275351 0.0553009 0
1.54549 0.11408 0.28831 5.951140730685322 -0.00345378 0.0674262 0
1.54549 0.11408 0.28831 16.90918774568037 0.0941391 0.0440952 0
1.54549 0.11408 0.28831 27.59777270962539 0.156746 0.0258791 0
1.54549 0.11408 0.28831 37.93381674222642 0.179279 0.0201438 0
1.54549 0.11408 0.28831 47.713919826212 0.222575 0.0238946 0
1.54549 0.11408 0.28831 58.324238755342144 0.360567 0.0578003 0
1.54549 0.11408 0.28831 115.90821603937528 0.172105 0.0725925 0
1.54549 0.11408 0.28831 131.2571824131349 0.0510688 0.105795 0
1.54549 0.11408 0.28831 142.4550695611717 0.126266 0.0855284 0
1.54549 0.11408 0.28831 153.05994539124814 0.052857 0.0858044 0
1.54549 0.11408 0.28831 163.99599082691014 0.00338646 0.0845997 0
1.54549 0.11408 0.28831 174.6822266638951 -0.22227 0.109174 0
1.54549 0.11408 0.28831 184.61445004248793 0.00418913 0.0962704 0
1.54549 0.11408 0.28831 201.3958109040746 -0.060967 0.111244 0
1.54549 0.11408 0.28831 230.7134883231237 0.0768908 0.0951209 0
1.54549 0.11408 0.28831 257.79261963659667 -0.180213 0.0948946 0
1.54549 0.11408 0.28831 277.1677604367406 -0.285237 0.0892303 0
1.54549 0.11408 0.28831 298.2027599693785 -0.210341 0.115412 0
1.54549 0.11408 0.28831 308.79273889678154 -0.208143 0.039733 0
1.54549 0.11408 0.28831 318.8899741203721 -0.147022 0.0237432 0
1.54549 0.11408 0.28831 328.8640234180094 -0.11932 0.0248295 0
1.54549 0.11408 0.28831 339.0729854116504 -0.146978 0.0379439 0
1.54549 0.11408 0.28831 351.51992055307244 0.00824126 0.062672 0
1.60576 0.15599 0.31425 5.332054103468516 0.0145343 0.0256849 0
1.60576 0.15599 0.31425 15.926221352353929 0.127105 0.0257516 0
1.60576 0.15599 0.31425 26.053594155968305 0.145658 0.0429751 0
1.60576 0.15599 0.31425 41.72702652911052 0.312867 0.0938771 0
1.60576 0.15599 0.31425 82.41883291397866 0.46651 0.0524918 0
1.60576 0.15599 0.31425 100.63889079913884 0.202051 0.0813978 0
1.60576 0.15599 0.31425 113.72352796654145 0.127021 0.11238 0
1.60576 0.15599 0.31425 126.27130367990648 0.297809 0.0774805 0
1.60576 0.15599 0.31425 139.2035340738043 0.228745 0.0738402 0
1.60576 0.15599 0.31425 149.41765268760147 0.160265 0.0725917 0
1.60576 0.15599 0.31425 160.2568682558864 0.0738126 0.0766664 0
1.60576 0.15599 0.31425 170.70475365009693 0.0643592 0.0849942 0
1.60576 0.15599 0.31425 181.373800753228 -0.154017 0.112012 0
1.60576 0.15599 0.31425 194.32952241672618 0.250391 0.0734102 0
1.60576 0.15599 0.31425 208.62883010980613 -0.189025 0.101277 0
1.60576 0.15599 0.31425 222.45200987513238 -0.0077834 0.111533 0
1.60576 0.15599 0.31425 246.6772384110587 -0.453142 0.111939 0
1.60576 0.15599 0.31425 272.1406287422627 -0.227572 0.100751 0
1.60576 0.15599 0.31425 289.82325221559023 -0.307907 0.0899051 0
1.60576 0.15599 0.31425 305.3681701552846 -0.298514 0.094178 0
1.60576 0.15599 0.31425 325.4738321442203 -0.139014 0.120605 0
1.60576 0.15599 0.31425 337.1174804568689 -0.0815662 0.0364583 0
1.60576 0.15599 0.31425 350.92576331952176 -0.0472144 0.0205619 0
1.60412 0.25678 0.35114 5.198829956944697 -0.0394466 0.0694078 0
1.60412 0.25678 0.35114 15.582045604818841 0.240088 0.0678129 0
1.60412 0.25678 0.35114 26.802449994204295 0.117719 0.1045 0
1.60412 0.25678 0.35114 40.85240645484331 -0.00701786 0.117163 0
1.60412 0.25678 0.35114 69.62640422209276 0.429018 0.0846371 0
1.60412 0.25678 0.35114 97.20801952189548 0.0267452 0.139304 0
1.60412 0.25678 0.35114 120.7451257458697 0.296616 0.137262 0
1.60412 0.25678 0.35114 267.4945139815469 -0.909066 0.329242 0
1.60412 0.25678 0.35114 307.22913707386954 0.200898 0.160721 0
1.60412 0.25678 0.35114 341.21871235441535 -0.239627 0.0937884 0
1.60412 0.25678 0.35114 354.6219140559107 0.168898 0.0556884 0
1.54972 0.11304 0.56128 25.92278789133994 0.0114797 0.0430526 0
1.54972 0.11304 0.56128 34.170859126925215 0.118245 0.0221521 0
1.54972 0.11304 0.56128 43.53551051366145 0.0422385 0.0417597 0
1.54972 0.11304 0.56128 59.604226469664404 0.115717 0.103836 0
1.54972 0.11304 0.56128 91.73455370501071 0.0598101 0.136171 0
1.54972 0.11304 0.56128 131.38724383262962 0.183319 0.081289 0
1.54972 0.11304 0.56128 150.97266014358652 -0.104811 0.118118 0
1.54972 0.11304 0.56128 166.06093072056163 0.114826 0.0969509 0
1.54972 0.11304 0.56128 181.7697145896634 0.167965 0.0769748 0
1.54972 0.11304 0.56128 209.18860987564895 -0.370768 0.135296 0
1.54972 0.11304 0.56128 245.21676899127024 -0.00981308 0.0971915 0
1.54972 0.11304 0.56128 267.48534665682485 -0.0796155 0.0935056 0
1.54972 0.11304 0.56128 286.26575726562294 -0.212765 0.09964 0
1.54972 0.11304 0.56128 309.07062342742 0.132532 0.0742127 0
1.54972 0.11304 0.56128 319.4955905098253 -0.156891 0.0373801 0
1.54972 0.11304 0.56128 328.9138707461858 -0.0923461 0.0254495 0
1.54972 0.11304 0.56128 336.71354521130166 0.0192161 0.0824402 0
1.59735 0.16169 0.58224 5.4137808033659764 0.00546565 0.0367293 0
1.59735 0.16169 0.58224 16.57945053458258 0.0793285 0.030582 0
1.59735 0.16169 0.58224 25.914709186428595 0.0828868 0.0380761 0
1.59735 0.16169 0.58224 38.15629625407571 0.0186006 0.111053 0
1.59735 0.16169 0.58224 52.51931685397421 0.211066 0.0721536 0
1.59735 0.16169 0.58224 63.68540484438127 0.14175 0.0955126 0
1.59735 0.16169 0.58224 86.3120811318926 0.163601 0.0955506 0
1.59735 0.16169 0.58224 119.45768958021073 0.262055 0.0923217 0
1.59735 0.16169 0.58224 144.88555652811667 0.154554 0.0961684 0
1.59735 0.16169 0.58224 160.02596626444867 0.150699 0.0945709 0
1.59735 0.16169 0.58224 170.79184323495684 -0.206212 0.109196 0
1.59735 0.16169 0.58224 183.0376701902879 0.100829 0.0949691 0
1.59735 0.16169 0.58224 198.8427109689717 0.0368103 0.101714 0
1.59735 0.16169 0.58224 221.69341375437915 -0.12084 0.124201 0
1.59735 0.16169 0.58224 257.5021300344653 -0.307156 0.143223 0
1.59735 0.16169 0.58224 275.251216612028 -0.218367 0.106439 0
1.59735 0.16169 0.58224 285.78218088653256 -0.286412 0.110174 0
1.59735 0.16169 0.58224 298.61242479289706 -0.421983 0.100158 0
1.59735 0.16169 0.58224 313.1707094093762 -0.191015 0.0858376 0
1.59735 0.16169 0.58224 326.9182587457451 -0.0916876 0.0716143 0
1.59735 0.16169 0.58224 337.09055144049773 -0.136297 0.0303134 0
1.59735 0.16169 0.58224 349.6721316637755 -0.0715832 0.0257433 0
1.60562 0.25015 0.64407 11.47840728453286 0.166141 0.0608439 0
1.60562 0.25015 0.64407 52.989027654422465 0.131621 0.115079 0
1.60562 0.25015 0.64407 89.71201268819891 0.0994853 0.194968 0
1.60562 0.25015 0.64407 129.40079915691103 0.240505 0.109181 0
1.60562 0.25015 0.64407 160.90144577540858 0.0638697 0.111068 0
1.60562 0.25015 0.64407 192.0078974308561 0.121149 0.0877923 0
1.60562 0.25015 0.64407 230.21959870372095 0.0647358 0.129649 0
1.60562 0.25015 0.64407 266.86483336469814 0.0198262 0.159819 0
1.60562 0.25015 0.64407 301.5482605351474 -0.42469 0.187473 0
1.60562 0.25015 0.64407 322.36610906343077 -0.078948 0.0974655 0
1.60562 0.25015 0.64407 346.27850264321563 -0.0289526 0.0584761 0
1.55867 0.11184 1.06659 5.234542416315201 -0.0812171 0.0592202 0
1.55867 0.11184 1.06659 16.847938557380882 0.0134844 0.0506183 0
1.55867 0.11184 1.06659 26.040015056223705 0.134068 0.0534347 0
1.55867 0.11184 1.06659 46.263477167838325 0.0889999 0.130427 0
1.55867 0.11184 1.06659 270.1261091345828 -0.194226 0.174767 0
1.55867 0.11184 1.06659 330.32850354236376 0.0145344 0.0827296 0
1.55867 0.11184 1.06659 340.00404182873797 -0.0111787 0.0410654 0
1.55867 0.11184 1.06659 352.65323107184116 0.0838811 0.0420496 0
1.59577 0.1626 1.12704 5.421819401231661 0.0914842 0.0551637 0
1.59577 0.1626 1.12704 16.22645123700248 0.0943404 0.0410698 0
1.59577 0.1626 1.12704 27.6932847740737 -0.0159364 0.0899407 0
1.59577 0.1626 1.12704 50.189842346310826 0.0595019 0.0934797 0
1.59577 0.1626 1.12704 75.82122390304723 0.103913 0.136697 0
1.59577 0.1626 1.12704 151.57025512390797 0.0413233 0.121093 0
1.59577 0.1626 1.12704 184.0134173153957 -0.0228915 0.112369 0
1.59577 0.1626 1.12704 259.63582486353255 0.0690201 0.173255 0
1.59577 0.1626 1.12704 295.59007242358194 -0.472845 0.176205 0
1.59577 0.1626 1.12704 330.8017666811418 -0.00895755 0.085425 0
1.59577 0.1626 1.12704 343.5930494574375 -0.0629843 0.0421101 0
1.59577 0.1626 1.12704 354.6809287088091 -0.0296375 0.0601953 0
2.01479 0.14001 0.16508 5.480868431597845 0.0115625 0.0261525 0
2.01479 0.14001 0.16508 16.331245217731908 0.0812281 0.0246585 0
2.01479 0.14001 0.16508 27.03971181716797 0.135234 0.0241602 0
2.01479 0.14001 0.16508 37.49934284617871 0.141826 0.027949 0
2.01479 0.14001 0.16508 47.986017483119625 0.20018 0.0499084 0
2.01479 0.14001 0.16508 58.30361227471744 0.206926 0.080708 0
2.01479 0.14001 0.16508 75.80117038021766 0.31593 0.139953 0
2.01479 0.14001 0.16508 99.44312788070081 0.241934 0.106216 0
2.01479 0.14001 0.16508 115.19545654223255 0.288218 0.0928453 0
2.01479 0.14001 0.16508 127.70369816773353 0.309019 0.0995631 0
2.01479 0.14001 0.16508 138.7245413570749 0.20921 0.0959306 0
2.01479 0.14001 0.16508 149.5987073508628 0.00675894 0.089193 0
2.01479 0.14001 0.16508 160.22650149274443 0.010535 0.102277 0
2.01479 0.14001 0.16508 170.66407364664266 0.0110256 0.120548 0
2.01479 0.14001 0.16508 183.70058235925427 -0.106631 0.107175 0
2.01479 0.14001 0.16508 198.05374808507653 0.0173457 0.124924 0
2.01479 0.14001 0.16508 215.56505717765987 -0.175744 0.11727 0
2.01479 0.14001 0.16508 297.13018297689365 -0.325209 0.110084 0
2.01479 0.14001 0.16508 308.49594675890376 -0.140118 0.0569587 0
2.01479 0.14001 0.16508 318.8596073572301 -0.202878 0.0315824 0
2.01479 0.14001 0.16508 329.2146735886294 -0.106682 0.0266633 0
2.01479 0.14001 0.16508 340.0137821112552 -0.056027 0.0271927 0
2.01479 0.14001 0.16508 352.8176699590437 -0.0662251 0.0230437 0
2.1182 0.19896 0.18445 5.352869660165618 0.0648763 0.0475669 0
2.1182 0.19896 0.18445 16.10114536720737 0.110168 0.0453345 0
2.1182 0.19896 0.18445 26.792251345450964 0.175357 0.0505523 0
2.1182 0.19896 0.18445 37.662120155775376 0.225664 0.058119 0
2.1182 0.19896 0.18445 48.01936362679624 0.295923 0.0704311 0
2.1182 0.19896 0.18445 59.27706756864471 0.291252 0.0828459 0
2.1182 0.19896 0.18445 70.1139913057491 0.367671 0.0796546 0
2.1182 0.19896 0.18445 80.75209868794309 0.277114 0.0778622 0
2.1182 0.19896 0.18445 92.08978753799182 0.210574 0.0844523 0
2.1182 0.19896 0.18445 102.58179068242745 0.440373 0.0942546 0
2.1182 0.19896 0.18445 112.67100449688613 0.328443 0.086122 0
2.1182 0.19896 0.18445 123.40880653543289 0.324793 0.100601 0
2.1182 0.19896 0.18445 134.55971114426896 0.101154 0.118321 0
2.1182 0.19896 0.18445 145.8956811209323 0.159614 0.120646 0
2.1182 0.19896 0.18445 158.6508675561347 0.256973 0.106345 0
2.1182 0.19896 0.18445 172.61442198126798 0.0249093 0.123805 0
2.1182 0.19896 0.18445 191.9059109433228 0.114744 0.111728 0
2.1182 0.19896 0.18445 212.55301804865715 -0.198741 0.107462 0
2.1182 0.19896 0.18445 241.05136582066916 -0.35389 0.117387 0
2.1182 0.19896 0.18445 271.3808867059193 -0.274173 0.11778 0
2.1182 0.19896 0.18445 299.83855447447706 -0.359348 0.107545 0
2.1182 0.19896 0.18445 319.12488681637564 -0.181301 0.140121 0
2.1182 0.19896 0.18445 329.86899139066884 -0.112413 0.108885 0
2.1182 0.19896 0.18445 340.60564751362534 -0.0305879 0.0556864 0
2.1182 0.19896 0.18445 352.9385640538163 -0.00307035 0.0416878 0
2.1158 0.30858 0.23861 5.614281654194056 0.0647052 0.0848925 0
2.1158 0.30858 0.23861 16.531207488232564 0.18827 0.0960871 0
2.1158 0.30858 0.23861 26.98699970001593 0.32429 0.0858301 0
2.1158 0.30858 0.23861 37.56254009098164 0.130206 0.11815 0
2.1158 0.30858 0.23861 48.16690025904243 0.361555 0.135892 0
2.1158 0.30858 0.23861 59.34238475728962 0.112195 0.161371 0
2.1158 0.30858 0.23861 78.03857057020352 0.346127 0.165542 0
2.1158 0.30858 0.23861 266.8528012510004 -0.023685 0.204517 0
2.1158 0.30858 0.23861 298.37464730791777 -0.0354776 0.139317 0
2.1158 0.30858 0.23861 317.3103294791963 -0.339098 0.135057 0
2.1158 0.30858 0.23861 329.40604149220314 -0.172048 0.115114 0
2.1158 0.30858 0.23861 340.52199567553623 -0.123449 0.10058 0
2.1158 0.30858 0.23861 352.5512445843079 -0.230803 0.0739908 0
2.01347 0.14258 0.29988 5.5549518745082604 0.047737 0.0493895 0
2.01347 0.14258 0.29988 16.946716481261436 -0.00153711 0.0386833 0
2.01347 0.14258 0.29988 27.382455170215227 0.118707 0.0257633 0
2.01347 0.14258 0.29988 37.85767065125353 0.138681 0.024072 0
2.01347 0.14258 0.29988 47.40566853243162 0.204382 0.0432747 0
2.01347 0.14258 0.29988 57.51694122200282 0.13789 0.166139 0
2.01347 0.14258 0.29988 90.80693503469392 0.133922 0.17969 0
2.01347 0.14258 0.29988 110.7670657436664 0.247794 0.103623 0
2.01347 0.14258 0.29988 124.8142720068888 0.0342292 0.116453 0
2.01347 0.14258 0.29988 134.7997804604288 0.210784 0.0823447 0
2.01347 0.14258 0.29988 146.03032620278805 0.0164021 0.0919438 0
2.01347 0.14258 0.29988 156.62431583475697 -0.0195501 0.0950782 0
2.01347 0.14258 0.29988 167.64114831953242 0.0221407 0.0974737 0
2.01347 0.14258 0.29988 177.91027088166217 -0.129795 0.105638 0
2.01347 0.14258 0.29988 190.32110968199095 -0.221869 0.122342 0
2.01347 0.14258 0.29988 203.9792776023195 0.123281 0.111985 0
2.01347 0.14258 0.29988 231.29618640077177 -0.128046 0.158575 0
2.01347 0.14258 0.29988 258.5552264619158 -0.223161 0.115154 0
2.01347 0.14258 0.29988 282.1295749425735 -0.346933 0.130396 0
2.01347 0.14258 0.29988 305.58131045507326 -0.141654 0.0839073 0
2.01347 0.14258 0.29988 315.8796538647547 -0.130034 0.0307023 0
2.01347 0.14258 0.29988 325.5007611605915 -0.147231 0.0235995 0
2.01347 0.14258 0.29988 336.101626286102 -0.0824522 0.0283347 0
2.01347 0.14258 0.29988 349.80391195665555 -0.0196411 0.0332207 0
2.12931 0.19307 0.32879 5.356101142130156 0.0336245 0.0304527 0
2.12931 0.19307 0.32879 16.058345419911095 0.0512084 0.034321 0
2.12931 0.19307 0.32879 26.47821317793976 0.190238 0.0504431 0
2.12931 0.19307 0.32879 36.94013603813103 0.100397 0.11466 0
2.12931 0.19307 0.32879 58.561443282526305 0.52726 0.110636 0
2.12931 0.19307 0.32879 77.39571192406673 0.227806 0.127544 0
2.12931 0.19307 0.32879 88.2601376353374 0.143374 0.119502 0
2.12931 0.19307 0.32879 98.86615938100408 0.353145 0.106307 0
2.12931 0.19307 0.32879 109.44410619470933 0.183894 0.125298 0
2.12931 0.19307 0.32879 120.05012794037602 -0.0198716 0.119731 0
2.12931 0.19307 0.32879 131.38036833908802 0.140342 0.0958558 0
2.12931 0.19307 0.32879 142.4459022364496 0.267886 0.091848 0
2.12931 0.19307 0.32879 152.97514763756874 -0.0334328 0.102795 0
2.12931 0.19307 0.32879 163.87108602757164 0.0462278 0.0900301 0
2.12931 0.19307 0.32879 174.48398326677986 -0.0957902 0.107338 0
2.12931 0.19307 0.32879 184.9908833138889 0.0736069 0.127056 0
2.12931 0.19307 0.32879 196.01802903897672 -0.29044 0.119353 0
2.12931 0.19307 0.32879 207.43994268490968 -0.0374075 0.152674 0
2.12931 0.19307 0.32879 217.137826325294 -0.111934 0.132505 0
2.12931 0.19307 0.32879 229.9245254392286 -0.094314 0.15103 0
2.12931 0.19307 0.32879 248.49007687485263 -0.347074 0.129989 0
2.12931 0.19307 0.32879 270.5621300166773 -0.432958 0.126078 0
2.12931 0.19307 0.32879 288.5472752058339 -0.319723 0.123113 0
2.12931 0.19307 0.32879 301.51732081421034 -0.277074 0.121533 0
2.12931 0.19307 0.32879 320.45873256344026 -0.110461 0.163563 0
2.12931 0.19307 0.32879 333.88427961894564 -0.0953551 0.0601915 0
2.12931 0.19307 0.32879 343.7958765169138 -0.0872222 0.0358058 0
2.12931 0.19307 0.32879 354.59326616615414 0.00879561 0.0312733 0
2.1299 0.30825 0.39575 5.163776399038593 0.0142212 0.0838804 0
2.1299 0.30825 0.39575 16.16995759840258 0.191896 0.0937388 0
2.1299 0.30825 0.39575 26.810815178013204 0.137717 0.110309 0
2.1299 0.30825 0.39575 38.94554561686842 0.228133 0.160087 0
2.1299 0.30825 0.39575 54.88053322348785 0.142231 0.167753 0
2.1299 0.30825 0.39575 80.13273131140667 0.0901484 0.177393 0
2.1299 0.30825 0.39575 103.67041049317602 -0.0644228 0.174744 0
2.1299 0.30825 0.39575 130.95924435966688 0.208191 0.153224 0
2.1299 0.30825 0.39575 171.53439653744638 0.244062 0.141624 0
2.1299 0.30825 0.39575 204.12366296669248 -0.170063 0.217593 0
2.1299 0.30825 0.39575 239.460834981386 -0.124451 0.22231 0
2.1299 0.30825 0.39575 275.408780005689 -0.468984 0.249373 0
2.1299 0.30825 0.39575 314.85864307383156 -0.186317 0.159886 0
2.1299 0.30825 0.39575 339.31591951678587 -0.10054 0.127122 0
2.1299 0.30825 0.39575 353.3803145138622 -0.189301 0.0719326 0
2.00625 0.14243 0.56632 22.308684711213733 0.143483 0.0758993 0
2.00625 0.14243 0.56632 31.213995833593582 0.110566 0.0293008 0
2.00625 0.14243 0.56632 40.33966652398074 0.1231 0.035991 0
2.00625 0.14243 0.56632 50.40498799838245 0.0859768 0.168955 0
2.00625 0.14243 0.56632 71.92969455851868 0.427264 0.154305 0
2.00625 0.14243 0.56632 116.54018848740456 0.177214 0.152212 0
2.00625 0.14243 0.56632 138.9359627834782 0.207195 0.10863 0
2.00625 0.14243 0.56632 152.98202313111034 -0.00457868 0.144135 0
2.00625 0.14243 0.56632 164.09683139885317 -0.18475 0.123804 0
2.00625 0.14243 0.56632 175.8676763420208 -0.147564 0.131932 0
2.00625 0.14243 0.56632 194.29915565358425 0.0110658 0.138933 0
2.00625 0.14243 0.56632 228.20622501163126 -0.203964 0.142609 0
2.00625 0.14243 0.56632 254.87282671261 -0.0967734 0.120513 0
2.00625 0.14243 0.56632 269.69810966162004 -0.319454 0.0982249 0
2.00625 0.14243 0.56632 282.05852817597736 -0.0596594 0.123994 0
2.00625 0.14243 0.56632 299.04042426585977 -0.112832 0.110744 0
2.00625 0.14243 0.56632 316.38041897769904 -0.132639 0.0602236 0
2.00625 0.14243 0.56632 325.9883482442478 -0.0767849 0.0285279 0
2.00625 0.14243 0.56632 334.46583178100343 -0.103113 0.044917 0
2.10837 0.19527 0.59712 5.553490832130676 0.059445 0.0373525 0
2.10837 0.19527 0.59712 16.250515464397974 0.0985114 0.0352284 0
2.10837 0.19527 0.59712 26.37651316930404 0.191503 0.0416081 0
2.10837 0.19527 0.59712 36.16469495820097 0.23245 0.139489 0
2.10837 0.19527 0.59712 53.5129975580696 0.22749 0.117216 0
2.10837 0.19527 0.59712 69.30268306784386 0.123447 0.140621 0
2.10837 0.19527 0.59712 96.38582508588274 0.320186 0.143056 0
2.10837 0.19527 0.59712 113.51153358234305 0.0643789 0.153319 0
2.10837 0.19527 0.59712 126.60190032769697 0.109687 0.13692 0
2.10837 0.19527 0.59712 138.89757461120442 -0.279175 0.155881 0
2.10837 0.19527 0.59712 149.35691916131762 0.207381 0.123466 0
2.10837 0.19527 0.59712 160.5656925074619 0.00158126 0.111973 0
2.10837 0.19527 0.59712 170.9070077517781 0.0331428 0.116421 0
2.10837 0.19527 0.59712 181.54167738720133 -0.181048 0.134744 0
2.10837 0.19527 0.59712 192.79743327254636 -0.0623833 0.135319 0
2.10837 0.19527 0.59712 205.08222135794634 0.0783984 0.128671 0
2.10837 0.19527 0.59712 224.86759993940393 0.0585793 0.156328 0
2.10837 0.19527 0.59712 251.72442362836614 -0.235465 0.161146 0
2.10837 0.19527 0.59712 268.23248362167544 -0.194625 0.140901 0
2.10837 0.19527 0.59712 279.1335786318345 -0.191281 0.118877 0
2.10837 0.19527 0.59712 289.91435250501604 -0.333938 0.118578 0
2.10837 0.19527 0.59712 300.48542382517974 -0.208042 0.0995933 0
2.10837 0.19527 0.59712 311.6340366028353 -0.226149 0.0958491 0
2.10837 0.19527 0.59712 322.71618627625566 -0.194264 0.092746 0
2.10837 0.19527 0.59712 333.7112463648162 -0.185429 0.0404732 0
2.10837 0.19527 0.59712 343.19312491643615 -0.14927 0.0310636 0
2.10837 0.19527 0.59712 354.4402864348542 -0.0479698 0.0365143 0
2.1195 0.31098 0.67478 4.653769476858794 -0.0605118 0.112035 0
2.1195 0.31098 0.67478 25.111365061875667 0.283842 0.144533 0
2.1195 0.31098 0.67478 65.37161963545127 -0.153186 0.326015 0
2.1195 0.31098 0.67478 104.50922070524756 0.0196028 0.194865 0
2.1195 0.31098 0.67478 131.10706747081062 0.208456 0.141514 0
2.1195 0.31098 0.67478 157.74731311321338 0.124085 0.147216 0
2.1195 0.31098 0.67478 191.30602413182083 -0.0680932 0.15568 0
2.1195 0.31098 0.67478 228.05611006930695 0.0129501 0.150518 0
2.1195 0.31098 0.67478 259.74010318224634 -0.042007 0.30688 0
2.1195 0.31098 0.67478 300.88305653500055 -0.0964805 0.327492 0
2.1195 0.31098 0.67478 331.5746867467733 0.153155 0.158822 0
2.1195 0.31098 0.67478 355.8950262766914 -0.045866 0.104987 0
2.01895 0.14152 1.15441 4.851904011992983 -0.0221817 0.087504 0
2.01895 0.14152 1.15441 16.919902056449317 -0.0728331 0.0698943 0
2.01895 0.14152 1.15441 26.561979607587887 0.209309 0.0550553 0
2.01895 0.14152 1.15441 39.39657799319541 0.102643 0.129279 0
2.01895 0.14152 1.15441 73.6978423142924 0.178857 0.176668 0
2.01895 0.14152 1.15441 152.43943209912143 -0.100104 0.186628 0
2.01895 0.14152 1.15441 261.84744195273754 0.437292 0.150872 0
2.01895 0.14152 1.15441 291.26424107034427 -0.349416 0.244968 0
2.01895 0.14152 1.15441 326.69423224784896 -0.0847949 0.0896402 0
2.01895 0.14152 1.15441 335.9675541620413 -0.126924 0.0474779 0
2.01895 0.14152 1.15441 349.5552482735688 -0.0495358 0.0555668 0
2.10143 0.20276 1.21244 6.098161700915891 -0.124612 0.0753819 0
2.10143 0.20276 1.21244 16.46399953886372 -0.00173656 0.0480078 0
2.10143 0.20276 1.21244 25.43571646969923 0.139566 0.0920371 0
2.10143 0.20276 1.21244 42.786998450102544 0.0395782 0.108552 0
2.10143 0.20276 1.21244 57.88478012647681 0.227816 0.112912 0
2.10143 0.20276 1.21244 77.43868375870154 0.041555 0.177643 0
2.10143 0.20276 1.21244 152.3070788484462 0.267255 0.149915 0
2.10143 0.20276 1.21244 172.17152560563187 0.0428675 0.159208 0
2.10143 0.20276 1.21244 201.25715511765296 -0.0383115 0.173612 0
2.10143 0.20276 1.21244 241.15449822379273 -0.15886 0.211165 0
2.10143 0.20276 1.21244 271.9956704200947 -0.185727 0.197008 0
2.10143 0.20276 1.21244 289.4714561293799 -0.216975 0.141042 0
2.10143 0.20276 1.21244 307.05323903076436 -0.0531877 0.134881 0
2.10143 0.20276 1.21244 328.42112704237326 -0.18064 0.120791 0
2.10143 0.20276 1.21244 340.34265988566034 -0.0779646 0.0464016 0
2.10143 0.20276 1.21244 350.9939452971423 0.0452827 0.0538303 0
2.14984 0.29989 1.2591 17.42971990255672 0.108246 0.13557 0
2.14984 0.29989 1.2591 48.6349494818848 0.424005 0.257625 0
2.14984 0.29989 1.2591 124.81942862704499 -0.178966 0.253015 0
2.14984 0.29989 1.2591 157.44307252399892 0.168611 0.256432 0
2.14984 0.29989 1.2591 237.9568207691676 0.31287 0.203987 0
2.14984 0.29989 1.2591 264.7529109318459 -0.322592 0.394536 0
2.14984 0.29989 1.2591 308.720546214595 -0.291079 0.222234 0
2.14984 0.29989 1.2591 343.1449964616452 -0.073852 0.105538 0
2.67197 0.18214 0.18304 5.331784813304805 0.00642873 0.0294845 0
2.67197 0.18214 0.18304 16.24152002701442 0.146139 0.0289518 0
2.67197 0.18214 0.18304 26.634286881333395 0.0164214 0.0341971 0
2.67197 0.18214 0.18304 36.93595344622657 0.103438 0.0561691 0
2.67197 0.18214 0.18304 47.41913304061719 0.169256 0.102939 0
2.67197 0.18214 0.18304 67.61704123456897 0.313265 0.107745 0
2.67197 0.18214 0.18304 86.32010254102444 0.372816 0.0997073 0
2.67197 0.18214 0.18304 100.51513191539058 -0.074079 0.126017 0
2.67197 0.18214 0.18304 117.56291815171309 0.398464 0.0922954 0
2.67197 0.18214 0.18304 131.29499762761353 0.0549948 0.104082 0
2.67197 0.18214 0.18304 142.06030164032657 0.0379981 0.123365 0
2.67197 0.18214 0.18304 155.07675683010862 0.0246008 0.104048 0
2.67197 0.18214 0.18304 170.599902373588 0.252805 0.0955445 0
2.67197 0.18214 0.18304 191.97351996314822 0.0709555 0.107379 0
2.67197 0.18214 0.18304 220.34123335787044 -0.137818 0.119353 0
2.67197 0.18214 0.18304 306.79712689634084 0.0133442 0.144004 0
2.67197 0.18214 0.18304 319.1558265373127 -0.198793 0.0740834 0
2.67197 0.18214 0.18304 329.63980827261656 -0.0903145 0.0426911 0
2.67197 0.18214 0.18304 340.1736373360967 -0.0630041 0.0343543 0
2.67197 0.18214 0.18304 352.8222536214048 -0.0186581 0.0261404 0
2.79578 0.25837 0.21527 5.45758915638168 0.0808242 0.0579834 0
2.79578 0.25837 0.21527 16.340527134013026 0.0498451 0.053069 0
2.79578 0.25837 0.21527 26.85052115321577 0.245789 0.0481858 0
2.79578 0.25837 0.21527 37.61221553181948 0.174913 0.0598703 0
2.79578 0.25837 0.21527 48.25628167508283 0.24937 0.0656863 0
2.79578 0.25837 0.21527 59.393950958851406 0.292916 0.0828488 0
2.79578 0.25837 0.21527 70.12831525062737 0.452921 0.0713105 0
2.79578 0.25837 0.21527 80.8414801039835 0.456999 0.0994503 0
2.79578 0.25837 0.21527 91.70304102627851 0.415593 0.0887428 0
2.79578 0.25837 0.21527 104.92404214892227 0.347293 0.0967296 0
2.79578 0.25837 0.21527 128.46458611966727 0.111778 0.111365 0
2.79578 0.25837 0.21527 161.19078946194963 0.0277534 0.111832 0
2.79578 0.25837 0.21527 198.2078737319667 -0.0252911 0.125949 0
2.79578 0.25837 0.21527 233.57369363641678 -0.102826 0.157785 0
2.79578 0.25837 0.21527 270.37821056444034 -0.428299 0.0970869 0
2.79578 0.25837 0.21527 294.25164301415634 -0.24965 0.120461 0
2.79578 0.25837 0.21527 310.6714675070155 -0.429358 0.0970654 0
2.79578 0.25837 0.21527 322.40908089806555 -0.25328 0.0887071 0
2.79578 0.25837 0.21527 333.4539883148024 -0.154128 0.0718127 0
2.79578 0.25837 0.21527 343.91791652727665 -0.168025 0.0631117 0
2.79578 0.25837 0.21527 354.6379568741744 -0.124973 0.0570749 0
2.82674 0.38527 0.31506 5.481298149944192 -0.0361733 0.121591 0
2.82674 0.38527 0.31506 16.295034285079637 0.261019 0.122591 0
2.82674 0.38527 0.31506 29.268804119124432 0.397282 0.100769 0
2.82674 0.38527 0.31506 43.89481234698799 0.386272 0.111955 0
2.82674 0.38527 0.31506 65.31661568711873 0.218277 0.131252 0
2.82674 0.38527 0.31506 96.81611639002598 0.224581 0.13411 0
2.82674 0.38527 0.31506 239.39208004597032 -0.302817 0.20342 0
2.82674 0.38527 0.31506 276.82971533761344 0.10111 0.239307 0
2.82674 0.38527 0.31506 311.2982833348886 0.0860263 0.188882 0
2.82674 0.38527 0.31506 331.148406147196 -0.308334 0.129112 0
2.82674 0.38527 0.31506 343.8692151146905 -0.250907 0.152225 0
2.82674 0.38527 0.31506 354.8321895667237 -0.0129932 0.138408 0
2.68499 0.18571 0.32106 5.421756375874198 0.0583874 0.0319459 0
2.68499 0.18571 0.32106 16.44211255108972 0.0440803 0.0308769 0
2.68499 0.18571 0.32106 27.17378394122858 0.13747 0.025447 0
2.68499 0.18571 0.32106 36.977320999035015 0.141181 0.0362184 0
2.68499 0.18571 0.32106 47.095411886368275 0.169704 0.0823462 0
2.68499 0.18571 0.32106 76.48069832524281 0.147465 0.128223 0
2.68499 0.18571 0.32106 97.2085924796906 0.144965 0.107699 0
2.68499 0.18571 0.32106 111.91699203849396 0.161405 0.100167 0
2.68499 0.18571 0.32106 126.52626989873968 0.261222 0.0875254 0
2.68499 0.18571 0.32106 138.50796331051546 0.0637989 0.0964827 0
2.68499 0.18571 0.32106 149.6468358056538 -0.0629752 0.103206 0
2.68499 0.18571 0.32106 160.04258204050745 0.0628149 0.106906 0
2.68499 0.18571 0.32106 170.2796189661099 0.00280114 0.128606 0
2.68499 0.18571 0.32106 183.52124656937835 -0.026756 0.108291 0
2.68499 0.18571 0.32106 200.2561978495594 -0.109882 0.111147 0
2.68499 0.18571 0.32106 220.52457985231229 -0.212612 0.123232 0
2.68499 0.18571 0.32106 250.13561166246836 -0.0928852 0.12902 0
2.68499 0.18571 0.32106 274.1064469373566 -0.356052 0.10666 0
2.68499 0.18571 0.32106 307.7516745830288 -0.227424 0.104431 0
2.68499 0.18571 0.32106 319.5918474194073 -0.19299 0.0414201 0
2.68499 0.18571 0.32106 329.4146358591301 -0.124836 0.0284176 0
2.68499 0.18571 0.32106 339.9020553412047 -0.0489565 0.0291163 0
2.68499 0.18571 0.32106 352.32034259287013 0.032278 0.02894 0
2.84675 0.25492 0.36339 5.272535247710326 0.115349 0.046546 0
2.84675 0.25492 0.36339 16.12125618581646 0.0736026 0.0484537 0
2.84675 0.25492 0.36339 26.64419905118916 0.30672 0.0582883 0
2.84675 0.25492 0.36339 37.572910627073504 0.226392 0.0781896 0
2.84675 0.25492 0.36339 48.42278321034786 0.250551 0.0876332 0
2.84675 0.25492 0.36339 61.599265512309934 0.406645 0.0893332 0
2.84675 0.25492 0.36339 73.94593303958405 0.340779 0.0880359 0
2.84675 0.25492 0.36339 83.9921750194079 0.245541 0.107027 0
2.84675 0.25492 0.36339 95.27829766789485 0.236361 0.0910811 0
2.84675 0.25492 0.36339 106.26419043173325 0.370924 0.106474 0
2.84675 0.25492 0.36339 118.24072722335285 0.337187 0.113928 0
2.84675 0.25492 0.36339 131.4800629954408 0.109135 0.12275 0
2.84675 0.25492 0.36339 142.31813264813545 0.269338 0.103005 0
2.84675 0.25492 0.36339 154.74100356216195 0.253529 0.102543 0
2.84675 0.25492 0.36339 169.3817941011399 0.0682678 0.105619 0
2.84675 0.25492 0.36339 183.89424209400852 0.20417 0.109167 0
2.84675 0.25492 0.36339 198.36658304121795 0.126958 0.111001 0
2.84675 0.25492 0.36339 213.93842999728346 -0.0576792 0.120167 0
2.84675 0.25492 0.36339 233.84985929366985 -0.29913 0.125427 0
2.84675 0.25492 0.36339 259.69025585406996 -0.414196 0.117978 0
2.84675 0.25492 0.36339 285.3513166245941 -0.349038 0.126049 0
2.84675 0.25492 0.36339 301.9688115567734 -0.159716 0.121645 0
2.84675 0.25492 0.36339 322.59529218148305 -0.125003 0.128193 0
2.84675 0.25492 0.36339 337.43661794875675 -0.21333 0.0868961 0
2.84675 0.25492 0.36339 351.47866759182295 -0.0581009 0.0367589 0
2.84042 0.38551 0.48235 4.97058076009843 0.196656 0.123095 0
2.84042 0.38551 0.48235 16.348491247365345 0.103918 0.131921 0
2.84042 0.38551 0.48235 29.07050342622966 0.174353 0.123937 0
2.84042 0.38551 0.48235 40.80290290134401 0.021188 0.149757 0
2.84042 0.38551 0.48235 56.84709626371537 0.107314 0.17237 0
2.84042 0.38551 0.48235 85.74084221014716 0.347264 0.155313 0
2.84042 0.38551 0.48235 119.8862620109686 -0.0191113 0.160996 0
2.84042 0.38551 0.48235 153.94573814252036 0.604206 0.109218 0
2.84042 0.38551 0.48235 230.39836153580177 0.01462 0.18444 0
2.84042 0.38551 0.48235 269.87801840929114 -0.608561 0.308517 0
2.84042 0.38551 0.48235 305.3681701552846 -0.507178 0.252349 0
2.84042 0.38551 0.48235 330.6516517388175 -0.208043 0.129282 0
2.84042 0.38551 0.48235 344.24908613286226 -0.0911272 0.114589 0
2.84042 0.38551 0.48235 354.7691642092593 0.0323606 0.108437 0
2.66791 0.18912 0.57114 8.254717546008797 0.0251759 0.0781657 0
2.66791 0.18912 0.57114 20.646820626436778 0.0784711 0.0501879 0
2.66791 0.18912 0.57114 31.018731817013 0.133648 0.030549 0
2.66791 0.18912 0.57114 39.9111513890024 0.107609 0.055089 0
2.66791 0.18912 0.57114 56.49673257199288 0.412484 0.167447 0
2.66791 0.18912 0.57114 103.7723969807093 0.0957481 0.147789 0
2.66791 0.18912 0.57114 129.742282002809 0.0806587 0.106255 0
2.66791 0.18912 0.57114 147.97322608607666 0.117655 0.122767 0
2.66791 0.18912 0.57114 161.643426120103 -0.00831978 0.119372 0
2.66791 0.18912 0.57114 177.39174407706878 -0.0198615 0.131796 0
2.66791 0.18912 0.57114 203.0814527373495 -0.0432112 0.137019 0
2.66791 0.18912 0.57114 246.07047610601518 -0.238416 0.109733 0
2.66791 0.18912 0.57114 267.0854221158235 -0.145521 0.100432 0
2.66791 0.18912 0.57114 280.9280824461842 -0.249366 0.110324 0
2.66791 0.18912 0.57114 308.45870450222026 -0.0736565 0.10894 0
2.66791 0.18912 0.57114 323.29601956492803 -0.155127 0.0404981 0
2.66791 0.18912 0.57114 332.2141076461393 -0.156104 0.0319755 0
2.66791 0.18912 0.57114 342.7410612160779 -0.155465 0.0555794 0
2.66791 0.18912 0.57114 353.96931512725666 -0.333651 0.0983737 0
2.83258 0.25276 0.63345 5.372378873089823 0.0792092 0.0393574 0
2.83258 0.25276 0.63345 16.167436584104006 0.0764758 0.0458828 0
2.83258 0.25276 0.63345 26.076397876214514 0.14198 0.0613089 0
2.83258 0.25276 0.63345 46.01710531593207 0.17364 0.139989 0
2.83258 0.25276 0.63345 79.97459495995056 0.350738 0.13982 0
2.83258 0.25276 0.63345 102.22082727149504 0.255801 0.133757 0
2.83258 0.25276 0.63345 117.88090972801069 -0.0571804 0.148746 0
2.83258 0.25276 0.63345 135.60765095156324 0.324094 0.121484 0
2.83258 0.25276 0.63345 149.04809490974208 0.0155559 0.140999 0
2.83258 0.25276 0.63345 160.3949510845129 -0.0129524 0.151569 0
2.83258 0.25276 0.63345 172.48149577279764 0.136396 0.125207 0
2.83258 0.25276 0.63345 187.28042266323166 -0.165102 0.113672 0
2.83258 0.25276 0.63345 201.33622329338104 0.163303 0.135034 0
2.83258 0.25276 0.63345 217.60707875950612 0.215648 0.134367 0
2.83258 0.25276 0.63345 242.07237661159232 -0.305416 0.139958 0
2.83258 0.25276 0.63345 267.97064190930064 -0.275136 0.136149 0
2.83258 0.25276 0.63345 286.0898592225178 -0.458816 0.114695 0
2.83258 0.25276 0.63345 300.7822159630575 -0.340309 0.104904 0
2.83258 0.25276 0.63345 311.28911601016654 -0.21507 0.102344 0
2.83258 0.25276 0.63345 324.9787966092273 -0.35309 0.123278 0
2.83258 0.25276 0.63345 337.1805058143333 -0.0796444 0.0571273 0
2.83258 0.25276 0.63345 350.93378472865356 -0.0603141 0.0307155 0
2.83377 0.38373 0.74324 5.0825481724228965 0.177031 0.114857 0
2.83377 0.38373 0.74324 21.17491582620886 0.105824 0.138207 0
2.83377 0.38373 0.74324 48.25817243580677 0.504912 0.225255 0
2.83377 0.38373 0.74324 87.76567505813951 -0.176651 0.272971 0
2.83377 0.38373 0.74324 115.70939968446487 -0.181869 0.179937 0
2.83377 0.38373 0.74324 146.00568901759743 -0.00967043 0.19181 0
2.83377 0.38373 0.74324 184.13545732575855 -0.43267 0.22445 0
2.83377 0.38373 0.74324 217.0690713898783 -0.221404 0.231701 0
2.83377 0.38373 0.74324 254.72213881249058 -0.0850938 0.200173 0
2.83377 0.38373 0.74324 294.0694424353048 -0.221054 0.235251 0
2.83377 0.38373 0.74324 332.09951608711316 -0.0936543 0.176012 0
2.83377 0.38373 0.74324 353.0812305448039 -0.0694834 0.123396 0
2.69315 0.18641 1.29387 10.83245466630237 0.0692929 0.0891558 0
2.69315 0.18641 1.29387 24.23812008631678 0.0545483 0.0580326 0
2.69315 0.18641 1.29387 32.82589799863512 0.204003 0.085067 0
2.69315 0.18641 1.29387 63.86302176087182 0.201962 0.17688 0
2.69315 0.18641 1.29387 164.9356416109247 -0.0302977 0.217843 0
2.69315 0.18641 1.29387 274.9721861657993 -0.0656326 0.141314 0
2.69315 0.18641 1.29387 317.52633456796065 -0.146145 0.141808 0
2.69315 0.18641 1.29387 333.48091733117354 0.0301089 0.0542717 0
2.69315 0.18641 1.29387 342.22654511605043 0.168602 0.0808834 0
2.69315 0.18641 1.29387 353.9332187861634 -0.0847305 0.115573 0
2.81817 0.26031 1.32531 5.31109530732263 -0.145514 0.0974333 0
2.81817 0.26031 1.32531 16.291940312985933 0.0833711 0.0560915 0
2.81817 0.26031 1.32531 25.715950127297713 0.169593 0.0997444 0
2.81817 0.26031 1.32531 45.973617819281635 0.272393 0.11562 0
2.81817 0.26031 1.32531 72.47228559050757 0.118556 0.151613 0
2.81817 0.26031 1.32531 108.89922333153991 0.0431 0.298643 0
2.81817 0.26031 1.32531 141.33436411389584 0.231928 0.137675 0
2.81817 0.26031 1.32531 163.70320939359829 -0.0295583 0.14673 0
2.81817 0.26031 1.32531 185.3701813742655 0.0267461 0.159911 0
2.81817 0.26031 1.32531 214.61566611112812 0.0870715 0.182805 0
2.81817 0.26031 1.32531 252.4005138266205 0.0185462 0.176053 0
2.81817 0.26031 1.32531 280.1414113934696 0.0961363 0.165154 0
2.81817 0.26031 1.32531 303.87446918337855 -0.228615 0.142159 0
2.81817 0.26031 1.32531 322.2933434234491 -0.104514 0.124091 0
2.81817 0.26031 1.32531 337.82508333385545 -0.125472 0.0715106 0
2.81817 0.26031 1.32531 348.7651394740834 -0.0531918 0.0446285 0
2.86773 0.38398 1.42667 13.836300498834738 -0.100172 0.16518 0
2.86773 0.38398 1.42667 122.70578732080737 0.171526 0.255922 0
2.86773 0.38398 1.42667 236.34165274469376 0.0126767 0.304294 0
2.86773 0.38398 1.42667 310.397593680943 -0.325731 0.279474 0
2.86773 0.38398 1.42667 339.0323054081961 -0.208727 0.150423 0
3.65053 0.26778 0.23381 5.2777720819578215 0.0511268 0.0567556 0
3.65053 0.26778 0.23381 15.929086141329583 0.1181 0.0665383 0
3.65053 0.26778 0.23381 26.576475439804696 -0.0987349 0.0837053 0
3.65053 0.26778 0.23381 37.237902204260514 -0.0192093 0.119121 0
3.65053 0.26778 0.23381 48.332083991378646 0.364558 0.0968653 0
3.65053 0.26778 0.23381 59.348687293036065 -0.0724256 0.125285 0
3.65053 0.26778 0.23381 70.29676484239583 0.383826 0.0988174 0
3.65053 0.26778 0.23381 81.01508631590815 0.0906635 0.124786 0
3.65053 0.26778 0.23381 94.43834154023307 0.363537 0.0934185 0
3.65053 0.26778 0.23381 118.72544951803354 0.353897 0.0823257 0
3.65053 0.26778 0.23381 154.83783342953907 -0.0976375 0.108626 0
3.65053 0.26778 0.23381 187.79780355223483 0.0210035 0.127069 0
3.65053 0.26778 0.23381 223.9806612725414 -0.0340068 0.136369 0
3.65053 0.26778 0.23381 263.94504044071147 -0.193045 0.164653 0
3.65053 0.26778 0.23381 301.64795519150016 -0.361004 0.132202 0
3.65053 0.26778 0.23381 323.0662634890806 -0.186677 0.128481 0
3.65053 0.26778 0.23381 333.35429365844965 -0.158087 0.101202 0
3.65053 0.26778 0.23381 344.07834470991327 -0.10079 0.0645162 0
3.65053 0.26778 0.23381 354.70728476738515 0.00285165 0.0571805 0
4.07611 0.41038 0.35158 5.622446302774671 0.0470818 0.100447 0
4.07611 0.41038 0.35158 16.289533890246382 0.251311 0.0932028 0
4.07611 0.41038 0.35158 27.03770646488501 0.322697 0.0941658 0
4.07611 0.41038 0.35158 37.631409617956365 0.321751 0.125553 0
4.07611 0.41038 0.35158 48.64463246862251 0.250937 0.139276 0
4.07611 0.41038 0.35158 60.50949978597111 0.341578 0.113736 0
4.07611 0.41038 0.35158 77.43066234956972 0.239653 0.106293 0
4.07611 0.41038 0.35158 95.23360695987465 -0.161205 0.186346 0
4.07611 0.41038 0.35158 119.08125630880977 0.141065 0.126012 0
4.07611 0.41038 0.35158 149.64053326990737 0.101678 0.148114 0
4.07611 0.41038 0.35158 191.26190638159576 0.111447 0.136142 0
4.07611 0.41038 0.35158 230.2075665900232 -0.371198 0.208519 0
4.07611 0.41038 0.35158 264.9631864426589 0.0557152 0.125606 0
4.07611 0.41038 0.35158 285.5690405867439 -0.32379 0.135149 0
4.07611 0.41038 0.35158 304.9384518089365 -0.0766788 0.134883 0
4.07611 0.41038 0.35158 320.85350048428535 -0.0782862 0.144032 0
4.07611 0.41038 0.35158 333.2270970279306 -0.167092 0.130196 0
4.07611 0.41038 0.35158 343.8050438416359 -0.204259 0.125983 0
4.07611 0.41038 0.35158 354.3892931910876 -0.0364136 0.0893972 0
3.73571 0.26564 0.37634 5.47134587304277 0.00693138 0.0325433 0
3.73571 0.26564 0.37634 16.094384465224824 0.087272 0.0340124 0
3.73571 0.26564 0.37634 26.423209229607203 0.170162 0.0393496 0
3.73571 0.26564 0.37634 37.0464197091278 0.26366 0.0727745 0
3.73571 0.26564 0.37634 47.989340638331385 0.28674 0.107549 0
3.73571 0.26564 0.37634 64.44113617615882 0.47386 0.073866 0
3.73571 0.26564 0.37634 77.57562067173781 0.45042 0.0970223 0
3.73571 0.26564 0.37634 88.20284185582433 0.345713 0.0893954 0
3.73571 0.26564 0.37634 98.89136952398984 0.29542 0.0923348 0
3.73571 0.26564 0.37634 111.17386577820929 0.275971 0.0965019 0
3.73571 0.26564 0.37634 127.76213986283688 0.372968 0.086854 0
3.73571 0.26564 0.37634 144.03070349778147 0.337962 0.0892684 0
3.73571 0.26564 0.37634 161.94021825798075 0.190433 0.107669 0
3.73571 0.26564 0.37634 181.62876697206124 0.0174803 0.099779 0
3.73571 0.26564 0.37634 203.4046009338033 -0.133777 0.117863 0
3.73571 0.26564 0.37634 232.58190369304532 -0.16055 0.11077 0
3.73571 0.26564 0.37634 255.67496762579316 -0.246107 0.110439 0
3.73571 0.26564 0.37634 277.50465962027755 -0.00921451 0.134881 0
3.73571 0.26564 0.37634 297.7965328926308 -0.179358 0.113728 0
3.73571 0.26564 0.37634 319.69555278032595 -0.194413 0.118869 0
3.73571 0.26564 0.37634 330.053483800701 -0.11886 0.0496108 0
3.73571 0.26564 0.37634 340.36958890203147 -0.0609675 0.0377428 0
3.73571 0.26564 0.37634 352.81652404345346 -0.0363415 0.029286 0
4.0527 0.40009 0.50901 5.204777258858155 0.0409622 0.0890549 0
4.0527 0.40009 0.50901 16.506169232585346 0.0499413 0.086866 0
4.0527 0.40009 0.50901 26.859230111701756 0.166798 0.0891173 0
4.0527 0.40009 0.50901 37.541226061002774 0.200614 0.0973993 0
4.0527 0.40009 0.50901 48.356491993451215 0.2559 0.105491 0
4.0527 0.40009 0.50901 61.29216013411981 0.213033 0.112751 0
4.0527 0.40009 0.50901 75.26029822161415 0.13666 0.14538 0
4.0527 0.40009 0.50901 91.14154238705031 0.0778052 0.171202 0
4.0527 0.40009 0.50901 118.36391314930599 0.475538 0.124285 0
4.0527 0.40009 0.50901 153.5882124783587 -0.137962 0.179284 0
4.0527 0.40009 0.50901 193.4414378342734 0.06605 0.124123 0
4.0527 0.40009 0.50901 227.48429818976638 -0.192334 0.163466 0
4.0527 0.40009 0.50901 261.6658143316811 -0.264531 0.147559 0
4.0527 0.40009 0.50901 290.684980739467 -0.259074 0.146275 0
4.0527 0.40009 0.50901 314.7956177163672 -0.198411 0.125525 0
4.0527 0.40009 0.50901 331.63542027305715 -0.317473 0.105706 0
4.0527 0.40009 0.50901 343.95515878396014 -0.101644 0.0847821 0
4.0527 0.40009 0.50901 354.6769180042432 0.0899351 0.078757 0
3.8023 0.27187 0.64104 5.5545909110973275 0.0787965 0.0392041 0
3.8023 0.27187 0.64104 16.461707707683193 0.0302982 0.0383737 0
3.8023 0.27187 0.64104 26.876705324453248 0.0761432 0.0360484 0
3.8023 0.27187 0.64104 36.197983806098065 0.178237 0.066638 0
3.8023 0.27187 0.64104 63.63326568502436 0.171662 0.113116 0
3.8023 0.27187 0.64104 91.12549956878665 0.173902 0.110484 0
3.8023 0.27187 0.64104 109.56156254271114 -0.0302342 0.132991 0
3.8023 0.27187 0.64104 131.89889514368141 0.342648 0.10418 0
3.8023 0.27187 0.64104 151.12563987488647 0.113748 0.115129 0
3.8023 0.27187 0.64104 165.037628098458 -0.023495 0.118537 0
3.8023 0.27187 0.64104 183.5745316443255 -0.00157981 0.125757 0
3.8023 0.27187 0.64104 205.7800839524157 0.145221 0.129775 0
3.8023 0.27187 0.64104 239.12794650241497 -0.126623 0.123021 0
3.8023 0.27187 0.64104 261.455538820868 -0.222095 0.10392 0
3.8023 0.27187 0.64104 275.7496898937918 0.0560238 0.124762 0
3.8023 0.27187 0.64104 287.83394275089603 -0.150521 0.119026 0
3.8023 0.27187 0.64104 304.85365405525715 -0.297347 0.101156 0
3.8023 0.27187 0.64104 323.5647367708444 -0.136018 0.0759954 0
3.8023 0.27187 0.64104 333.1354237807097 -0.153913 0.0345073 0
3.8023 0.27187 0.64104 343.52945114217795 -0.150506 0.0356473 0
3.8023 0.27187 0.64104 354.2878796613494 -0.0328286 0.0394154 0
4.09765 0.40697 0.78327 4.827719463460512 0.144509 0.0921526 0
4.09765 0.40697 0.78327 15.872477911170659 0.261773 0.10774 0
4.09765 0.40697 0.78327 27.33512885633742 0.189717 0.110576 0
4.09765 0.40697 0.78327 37.58500003655077 0.101756 0.134151 0
4.09765 0.40697 0.78327 51.625330806231595 0.140582 0.152441 0
4.09765 0.40697 0.78327 73.35922425737007 0.300633 0.13854 0
4.09765 0.40697 0.78327 96.65053158723319 0.342338 0.143944 0
4.09765 0.40697 0.78327 115.28999457842912 -0.00876079 0.179501 0
4.09765 0.40697 0.78327 131.79232499378708 -0.075202 0.167795 0
4.09765 0.40697 0.78327 150.3699085431089 0.247526 0.112557 0
4.09765 0.40697 0.78327 180.21298826029295 -0.257792 0.139193 0
4.09765 0.40697 0.78327 207.96878272981542 -0.124568 0.165145 0
4.09765 0.40697 0.78327 233.60577927294412 -0.0427096 0.165416 0
4.09765 0.40697 0.78327 261.8674954755671 -0.285722 0.179772 0
4.09765 0.40697 0.78327 300.77935117408185 -0.30796 0.168794 0
4.09765 0.40697 0.78327 331.6881323902092 -0.138556 0.129607 0
4.09765 0.40697 0.78327 352.5352017660442 0.118355 0.0775802 0
3.82223 0.28079 1.40738 5.466756481103772 0.005892 0.0925955 0
3.82223 0.28079 1.40738 17.080903196881074 0.00628953 0.0615553 0
3.82223 0.28079 1.40738 26.5313836613279 0.0595455 0.0504385 0
3.82223 0.28079 1.40738 40.373585625452485 0.149593 0.111152 0
3.82223 0.28079 1.40738 72.13538640697064 0.108571 0.118607 0
3.82223 0.28079 1.40738 109.5644273316868 0.544523 0.238439 0
3.82223 0.28079 1.40738 149.18102111821244 -0.155542 0.165412 0
3.82223 0.28079 1.40738 176.80560825264996 -0.348308 0.137935 0
3.82223 0.28079 1.40738 214.8402655668194 -0.409167 0.195079 0
3.82223 0.28079 1.40738 255.14498166529717 0.0493021 0.147324 0
3.82223 0.28079 1.40738 286.25086036294954 -0.215604 0.151021 0
3.82223 0.28079 1.40738 317.4163266712955 -0.247324 0.125897 0
3.82223 0.28079 1.40738 333.7880227093637 -0.0865828 0.0524759 0
3.82223 0.28079 1.40738 342.61157275437836 -0.0885532 0.0550809 0
3.82223 0.28079 1.40738 354.15724528405957 -0.0635241 0.0828664 0
4.15476 0.40258 1.71891 5.407191788721971 0.19314 0.0885936 0
4.15476 0.40258 1.71891 19.407742098686864 0.252487 0.121625 0
4.15476 0.40258 1.71891 55.71309819559245 -0.301709 0.204879 0
4.15476 0.40258 1.71891 90.63676656954006 0.0253612 0.257143 0
4.15476 0.40258 1.71891 118.79477741124437 0.00452792 0.191977 0
4.15476 0.40258 1.71891 143.74995417816737 0.273953 0.1341 0
4.15476 0.40258 1.71891 175.89689718957248 0.174142 0.136185 0
4.15476 0.40258 1.71891 209.25851072665492 -0.0537419 0.186962 0
4.15476 0.40258 1.71891 249.49504484751213 -0.298676 0.20148 0
4.15476 0.40258 1.71891 281.93305041884366 0.0188647 0.21308 0
4.15476 0.40258 1.71891 312.45909582782366 -0.28118 0.154406 0
4.15476 0.40258 1.71891 336.8034995851372 -0.0955593 0.0954387 0
4.15476 0.40258 1.71891 353.1001381520432 -0.0931545 0.0863147 0
5.94066 0.45489 0.41789 8.602502927653205 0.102381 0.121604 0
5.94066 0.45489 0.41789 25.037568097862817 -0.0188744 0.155205 0
5.94066 0.45489 0.41789 43.8690292462071 0.216617 0.112811 0
5.94066 0.45489 0.41789 64.31451250343491 0.21921 0.0977145 0
5.94066 0.45489 0.41789 91.99754133297577 0.360033 0.0856143 0
5.94066 0.45489 0.41789 128.29900131687447 0.152528 0.158167 0
5.94066 0.45489 0.41789 237.71732441080292 -0.0803973 0.176228 0
5.94066 0.45489 0.41789 274.6244007841549 -0.458683 0.17374 0
5.94066 0.45489 0.41789 307.1833004502591 -0.152424 0.105419 0
5.94066 0.45489 0.41789 345.1291493061832 -0.0109414 0.0893116 0
5.78181 0.43507 0.57296 7.447591900008005 0.107154 0.118916 0
5.78181 0.43507 0.57296 23.97009042975458 0.0850094 0.111599 0
5.78181 0.43507 0.57296 46.72459360135961 0.231968 0.106133 0
5.78181 0.43507 0.57296 75.22878554288197 0.386031 0.0868836 0
5.78181 0.43507 0.57296 107.47370433725443 0.457585 0.125493 0
5.78181 0.43507 0.57296 217.48274691796277 -0.262862 0.186926 0
5.78181 0.43507 0.57296 254.26377257638595 -0.224471 0.162575 0
5.78181 0.43507 0.57296 288.09062784311465 -0.302929 0.203322 0
5.78181 0.43507 0.57296 325.5007611605915 -0.222589 0.119596 0
5.78181 0.43507 0.57296 350.1906584683689 0.00435166 0.101593 0
5.73104 0.4153 0.81801 5.248241837196779 0.00696017 0.0901595 0
5.73104 0.4153 0.81801 16.145263117432442 0.179663 0.0953806 0
5.73104 0.4153 0.81801 30.053928185792202 0.208626 0.122514 0
5.73104 0.4153 0.81801 62.17737992759693 0.240605 0.127413 0
5.73104 0.4153 0.81801 96.93586456920833 0.320318 0.117563 0
5.73104 0.4153 0.81801 130.35133613903307 -0.0554102 0.176181 0
5.73104 0.4153 0.81801 167.16731222295925 -0.0350744 0.196677 0
5.73104 0.4153 0.81801 202.62480537463026 -0.119202 0.195571 0
5.73104 0.4153 0.81801 243.1810499451704 -0.567327 0.215921 0
5.73104 0.4153 0.81801 279.12727609608805 -0.302393 0.175484 0
5.73104 0.4153 0.81801 312.6441611956509 -0.0755033 0.12652 0
5.73104 0.4153 0.81801 340.0447218321923 -0.00326229 0.107491 0
5.73104 0.4153 0.81801 353.19524914603494 -0.166671 0.077438 0
5.88232 0.43608 1.8332 5.191622147881951 -0.114737 0.125838 0
5.88232 0.43608 1.8332 16.674561528574298 0.181528 0.0757486 0
5.88232 0.43608 1.8332 30.68349421108195 0.287659 0.0995628 0
5.88232 0.43608 1.8332 71.99730357834412 0.187699 0.135272 0
5.88232 0.43608 1.8332 110.31041838094714 0.192555 0.218142 0
5.88232 0.43608 1.8332 142.8658803002805 0.0443024 0.256482 0
5.88232 0.43608 1.8332 181.45401484454632 0.469828 0.191509 0
5.88232 0.43608 1.8332 217.34581000492648 -0.605469 0.33134 0
5.88232 0.43608 1.8332 253.5842446313608 -0.19344 0.199536 0
5.88232 0.43608 1.8332 285.33298197515 -0.207982 0.163604 0
5.88232 0.43608 1.8332 319.7184710921312 0.212485 0.122316 0
5.88232 0.43608 1.8332 340.0349815496751 -0.234214 0.0833714 0
5.88232 0.43608 1.8332 352.2046051182537 0.0970322 0.102245 0
7.16866 0.61524 2.73428 15.732332434481659 0.242551 0.162573 0
7.16866 0.61524 2.73428 53.824915781738824 0.237649 0.221741 0
7.16866 0.61524 2.73428 273.293419826066 0.355816 0.278165 0
7.16866 0.61524 2.73428 307.7808954305805 -0.179979 0.200663 0
7.16866 0.61524 2.73428 346.4205961764081 0.133889 0.154548 0
