id = 191
editor = MH


### Experiment

collaboration = CLAS
process = ep2epgamma
exptype = fixed target
year = 2022
reference = arxiv.org/pdf/2211.11274
inspiretex = CLAS:2022syx
reference2 = bin averages by M.H. 


### Scattering Process

frame = Trento

in1particle = em
in1energy = 10.2
in1energyunit = GeV
in1polarizationvector = L
in1polarization = +1

in2particle = p

out1particle = em
out2particle = p
out3particle = gamma


### Observable 
# A_{LU}


y1name = ALU
y1namelong = Beam Spin Asymmetry
y1unit = 1
y1value = column5
y1errorstatistic = column6 
y1errorsystematic = column7 
# only statistical error is given to us, syst error is approx 0

### x-axes

x1name = xB
x1unit = 1
x1value = column2

x2name = Q2
x2unit = GeV^2
x2value = column1

x3name = tm
x3unit = GeV^2
x3value = column3

x4name = phi
x4unit = rad
x4value = column4

### Data
#
#  CLAS 2022 ALU
#                                             error
#   Q2     xB     -t      phi      ALU    stat     syst
#################################################################
1.35411 0.09835 0.14931 0.301683 0.129798 0.056638 0
1.35411 0.09835 0.14931 0.637473 -0.0121261 0.0796433 0
1.35411 0.09835 0.14931 0.849838 -0.0650657 0.0808073 0
1.35411 0.09835 0.14931 1.09658 0.504813 0.0658236 0
1.35411 0.09835 0.14931 5.21343 -0.159961 0.0854133 0
1.35411 0.09835 0.14931 5.43878 -0.124905 0.0743217 0
1.35411 0.09835 0.14931 5.66567 -0.130172 0.0748107 0
1.35411 0.09835 0.14931 6.01667 0.119229 0.0864193 0
1.35525 0.09856 0.28166 0.498833 -0.02502 0.108752 0
1.35525 0.09856 0.28166 0.757412 0.196018 0.0574138 0
1.35525 0.09856 0.28166 0.972862 0.328134 0.0894706 0
1.35525 0.09856 0.28166 5.4243 -0.167878 0.0783341 0
1.35525 0.09856 0.28166 5.65026 -0.248583 0.0755714 0
1.58945 0.11531 0.15422 0.0986021 -0.0606458 0.0437757 0
1.58945 0.11531 0.15422 0.288461 0.0630693 0.0401014 0
1.58945 0.11531 0.15422 0.479294 0.180689 0.0299165 0
1.58945 0.11531 0.15422 0.657205 0.115477 0.0316787 0
1.58945 0.11531 0.15422 0.834717 0.141207 0.0394003 0
1.58945 0.11531 0.15422 1.01918 0.0899433 0.0905602 0
1.58945 0.11531 0.15422 2.21961 0.210126 0.0794509 0
1.58945 0.11531 0.15422 2.53583 -0.0998786 0.0997401 0
1.58945 0.11531 0.15422 2.8685 0.254379 0.0670622 0
1.58945 0.11531 0.15422 3.27273 0.036488 0.11475 0
1.58945 0.11531 0.15422 5.19825 -0.20039 0.115827 0
1.58945 0.11531 0.15422 5.3832 -0.122991 0.0491585 0
1.58945 0.11531 0.15422 5.56029 -0.160578 0.0326173 0
1.58945 0.11531 0.15422 5.74501 -0.240773 0.0349216 0
1.58945 0.11531 0.15422 5.93031 -0.0701983 0.0529358 0
1.58945 0.11531 0.15422 6.14694 -0.0620141 0.0414971 0
1.69665 0.15144 0.172 0.0974614 0.0732246 0.057557 0
1.69665 0.15144 0.172 0.27841 0.0725181 0.0606747 0
1.69665 0.15144 0.172 0.448866 -0.135158 0.120338 0
1.69665 0.15144 0.172 0.723672 0.308131 0.120157 0
1.69665 0.15144 0.172 1.58276 0.277034 0.0830954 0
1.69665 0.15144 0.172 2.10796 0.386755 0.0622165 0
1.69665 0.15144 0.172 2.53767 0.144717 0.0819198 0
1.69665 0.15144 0.172 2.87002 -0.0623008 0.103576 0
1.69665 0.15144 0.172 3.38909 -0.000776718 0.0885842 0
1.69665 0.15144 0.172 5.77544 -0.132423 0.128749 0
1.69665 0.15144 0.172 6.00308 -0.20428 0.0912097 0
1.69665 0.15144 0.172 6.19079 0.0735508 0.0664305 0
1.7093 0.25182 0.19685 0.227298 0.279535 0.0667114 0
1.7093 0.25182 0.19685 0.699918 0.261341 0.0889208 0
1.7093 0.25182 0.19685 1.38316 0.620482 0.0880599 0
1.7093 0.25182 0.19685 5.84027 -0.134158 0.111455 0
1.7093 0.25182 0.19685 6.18515 -0.0391029 0.151501 0
1.57606 0.11591 0.28158 0.276232 0.0553934 0.0797645 0
1.57606 0.11591 0.28158 0.493411 0.144641 0.0416775 0
1.57606 0.11591 0.28158 0.66374 0.178948 0.0268465 0
1.57606 0.11591 0.28158 0.826725 0.0881947 0.0453301 0
1.57606 0.11591 0.28158 1.00835 0.130596 0.105662 0
1.57606 0.11591 0.28158 2.42004 0.156402 0.0803841 0
1.57606 0.11591 0.28158 2.67318 0.142621 0.0949008 0
1.57606 0.11591 0.28158 2.87791 0.109925 0.0888719 0
1.57606 0.11591 0.28158 3.19625 0.0251794 0.106692 0
1.57606 0.11591 0.28158 5.25847 -0.233708 0.120597 0
1.57606 0.11591 0.28158 5.45365 -0.10565 0.0427178 0
1.57606 0.11591 0.28158 5.61798 -0.128623 0.0293169 0
1.57606 0.11591 0.28158 5.79195 -0.100567 0.0479517 0
1.57606 0.11591 0.28158 6.02175 -0.258086 0.0797813 0
1.68142 0.14763 0.30596 0.0929998 -0.0683897 0.0510465 0
1.68142 0.14763 0.30596 0.283133 -0.0164725 0.0478498 0
1.68142 0.14763 0.30596 0.462577 0.257012 0.0482678 0
1.68142 0.14763 0.30596 0.631472 0.655418 0.0823347 0
1.68142 0.14763 0.30596 2.20135 0.135683 0.0976985 0
1.68142 0.14763 0.30596 2.57398 -0.0876587 0.115124 0
1.68142 0.14763 0.30596 2.83109 0.0396971 0.111685 0
1.68142 0.14763 0.30596 3.0674 -0.072587 0.106569 0
1.68142 0.14763 0.30596 3.44833 -0.336625 0.102589 0
1.68142 0.14763 0.30596 5.71297 -0.327082 0.163401 0
1.68142 0.14763 0.30596 5.87637 -0.0402555 0.0443012 0
1.68142 0.14763 0.30596 6.11797 -0.0280145 0.0316618 0
1.58086 0.11435 0.56382 0.451774 0.163241 0.0670756 0
1.58086 0.11435 0.56382 0.60099 0.142182 0.0332707 0
1.58086 0.11435 0.56382 0.76252 0.172023 0.0785696 0
1.58086 0.11435 0.56382 2.54412 0.374767 0.0933169 0
1.58086 0.11435 0.56382 3.00049 -0.137749 0.103465 0
1.58086 0.11435 0.56382 4.43658 0.2065 0.108481 0
1.58086 0.11435 0.56382 4.78322 -0.142873 0.0916918 0
1.58086 0.11435 0.56382 5.39058 0.0935139 0.0942523 0
1.58086 0.11435 0.56382 5.63921 -0.262938 0.0446202 0
1.58086 0.11435 0.56382 5.78509 -0.0620986 0.0435291 0
1.67471 0.15427 0.56873 0.179386 0.0220792 0.0694969 0
1.67471 0.15427 0.56873 0.416525 0.000613912 0.0531102 0
1.67471 0.15427 0.56873 0.563691 0.197259 0.124671 0
1.67471 0.15427 0.56873 2.36913 0.0275525 0.178554 0
1.67471 0.15427 0.56873 2.83519 -0.0320458 0.0961508 0
1.67471 0.15427 0.56873 3.36541 0.0476292 0.108338 0
1.67471 0.15427 0.56873 4.79055 -0.166888 0.118065 0
1.67471 0.15427 0.56873 5.16592 -0.0637423 0.107409 0
1.67471 0.15427 0.56873 5.67886 -0.336356 0.115614 0
1.67471 0.15427 0.56873 5.86768 -0.0152803 0.0414831 0
1.67471 0.15427 0.56873 6.08541 0.0542667 0.0553917 0
1.58832 0.11466 1.03813 0.121889 0.198784 0.0601381 0
1.58832 0.11466 1.03813 0.362203 -0.092953 0.0766788 0
1.58832 0.11466 1.03813 5.81504 -0.121317 0.0948042 0
1.58832 0.11466 1.03813 5.98626 0.117809 0.0563316 0
1.58832 0.11466 1.03813 6.18943 0.0558603 0.0723729 0
2.00738 0.14224 0.16373 0.0963556 0.0144519 0.029808 0
2.00738 0.14224 0.16373 0.288002 0.0785324 0.0264633 0
2.00738 0.14224 0.16373 0.472598 0.130264 0.0265379 0
2.00738 0.14224 0.16373 0.65032 0.106946 0.0352559 0
2.00738 0.14224 0.16373 0.828154 0.329336 0.057255 0
2.00738 0.14224 0.16373 1.0379 -0.272546 0.211952 0
2.00738 0.14224 0.16373 1.96019 0.24106 0.0770047 0
2.00738 0.14224 0.16373 2.36423 0.108634 0.0838141 0
2.00738 0.14224 0.16373 2.7288 0.266575 0.0733567 0
2.00738 0.14224 0.16373 3.20085 0.0349802 0.0850855 0
2.00738 0.14224 0.16373 3.67741 -0.127259 0.128856 0
2.00738 0.14224 0.16373 5.26362 -0.0170134 0.154571 0
2.00738 0.14224 0.16373 5.4523 -0.294424 0.0753994 0
2.00738 0.14224 0.16373 5.62872 -0.0965065 0.0347301 0
2.00738 0.14224 0.16373 5.80937 -0.106931 0.0308691 0
2.00738 0.14224 0.16373 5.99369 -0.0187838 0.0312942 0
2.00738 0.14224 0.16373 6.18606 -0.0955899 0.0325955 0
2.15247 0.19636 0.18428 0.094015 0.00293917 0.0443714 0
2.15247 0.19636 0.18428 0.28139 0.00804255 0.0455674 0
2.15247 0.19636 0.18428 0.465416 0.2125 0.0510703 0
2.15247 0.19636 0.18428 0.654307 0.242538 0.061729 0
2.15247 0.19636 0.18428 0.844025 0.28868 0.080767 0
2.15247 0.19636 0.18428 1.03951 0.0712511 0.0988354 0
2.15247 0.19636 0.18428 1.2642 0.42536 0.0532168 0
2.15247 0.19636 0.18428 1.5007 0.451736 0.0510357 0
2.15247 0.19636 0.18428 1.72526 0.214882 0.0793078 0
2.15247 0.19636 0.18428 1.91453 0.200965 0.088152 0
2.15247 0.19636 0.18428 2.13489 0.333614 0.0693445 0
2.15247 0.19636 0.18428 2.35243 0.0383853 0.0977493 0
2.15247 0.19636 0.18428 2.57885 0.0736695 0.0903292 0
2.15247 0.19636 0.18428 2.87991 0.160882 0.0764931 0
2.15247 0.19636 0.18428 3.33979 -0.0941306 0.0903668 0
2.15247 0.19636 0.18428 3.86395 -0.304386 0.104012 0
2.15247 0.19636 0.18428 4.46151 -0.21955 0.148056 0
2.15247 0.19636 0.18428 5.66095 -0.0221449 0.101016 0
2.15247 0.19636 0.18428 5.88613 0.0447147 0.0633879 0
2.15247 0.19636 0.18428 6.13516 -0.00338804 0.0383895 0
2.14836 0.30972 0.23791 0.0984499 0.0552195 0.0945899 0
2.14836 0.30972 0.23791 0.277188 0.0539578 0.0740562 0
2.14836 0.30972 0.23791 0.479985 0.0413396 0.105902 0
2.14836 0.30972 0.23791 0.675381 0.313602 0.0725278 0
2.14836 0.30972 0.23791 0.938243 0.103809 0.100105 0
2.14836 0.30972 0.23791 1.32815 0.466141 0.0824455 0
2.14836 0.30972 0.23791 5.18953 -0.0434758 0.134186 0
2.14836 0.30972 0.23791 5.63743 -0.162394 0.107186 0
2.14836 0.30972 0.23791 5.87175 0.159152 0.0935939 0
2.14836 0.30972 0.23791 6.1373 -0.073077 0.0784112 0
1.99204 0.14594 0.29606 0.101037 -0.033155 0.0661352 0
1.99204 0.14594 0.29606 0.296362 0.0437502 0.045566 0
1.99204 0.14594 0.29606 0.478125 0.0712709 0.0296723 0
1.99204 0.14594 0.29606 0.654422 0.160004 0.0264228 0
1.99204 0.14594 0.29606 0.823581 0.179854 0.0539101 0
1.99204 0.14594 0.29606 1.99611 -0.0053057 0.102382 0
1.99204 0.14594 0.29606 2.37756 0.387993 0.0639864 0
1.99204 0.14594 0.29606 2.67348 0.0212293 0.0897968 0
1.99204 0.14594 0.29606 2.89958 0.0517483 0.106315 0
1.99204 0.14594 0.29606 3.20012 -0.0564642 0.11005 0
1.99204 0.14594 0.29606 4.47223 -0.773884 0.13566 0
1.99204 0.14594 0.29606 5.45089 -0.188897 0.0615575 0
1.99204 0.14594 0.29606 5.62885 -0.126506 0.0281065 0
1.99204 0.14594 0.29606 5.80645 -0.172939 0.0324533 0
1.99204 0.14594 0.29606 5.98718 -0.101704 0.0463163 0
1.99204 0.14594 0.29606 6.17531 -0.11134 0.0698099 0
2.16106 0.18965 0.32652 0.0944952 0.0621024 0.0297776 0
2.16106 0.18965 0.32652 0.281266 0.0659078 0.0312188 0
2.16106 0.18965 0.32652 0.460397 0.20115 0.0398701 0
2.16106 0.18965 0.32652 0.630196 0.200399 0.100228 0
2.16106 0.18965 0.32652 1.08709 0.176808 0.108487 0
2.16106 0.18965 0.32652 1.59447 0.294433 0.0797271 0
2.16106 0.18965 0.32652 1.88167 0.249741 0.0852235 0
2.16106 0.18965 0.32652 2.1314 0.199409 0.0828238 0
2.16106 0.18965 0.32652 2.3627 -0.201706 0.108981 0
2.16106 0.18965 0.32652 2.54735 0.057878 0.0890326 0
2.16106 0.18965 0.32652 2.72548 0.0113838 0.087888 0
2.16106 0.18965 0.32652 2.91652 0.00427523 0.0848064 0
2.16106 0.18965 0.32652 3.12618 0.159279 0.0900534 0
2.16106 0.18965 0.32652 3.39158 0.0257898 0.0973274 0
2.16106 0.18965 0.32652 3.64333 0.175598 0.0859351 0
2.16106 0.18965 0.32652 3.96825 -0.0598139 0.123319 0
2.16106 0.18965 0.32652 4.66208 -0.37776 0.170004 0
2.16106 0.18965 0.32652 5.33958 -0.149014 0.146099 0
2.16106 0.18965 0.32652 5.70242 -0.347884 0.0878006 0
2.16106 0.18965 0.32652 5.87929 -0.127391 0.0419283 0
2.16106 0.18965 0.32652 6.12779 -0.0341788 0.0248106 0
2.15685 0.30951 0.39074 0.088664 0.0756978 0.0830051 0
2.15685 0.30951 0.39074 0.301548 0.0478776 0.102124 0
2.15685 0.30951 0.39074 0.732343 0.3544 0.0709609 0
2.15685 0.30951 0.39074 1.39741 0.38048 0.119134 0
2.15685 0.30951 0.39074 2.05174 -0.163878 0.169927 0
2.15685 0.30951 0.39074 2.59803 0.0435184 0.145391 0
2.15685 0.30951 0.39074 3.23122 -0.344274 0.194108 0
2.15685 0.30951 0.39074 3.90466 -0.55406 0.232943 0
2.15685 0.30951 0.39074 5.89738 -0.195411 0.123328 0
2.15685 0.30951 0.39074 6.19021 -0.0631228 0.0803924 0
1.98468 0.14539 0.56929 0.448263 0.0485477 0.0546952 0
1.98468 0.14539 0.56929 0.59404 0.13168 0.0297515 0
1.98468 0.14539 0.56929 0.757981 0.21003 0.0580285 0
1.98468 0.14539 0.56929 2.46996 0.107849 0.0980986 0
1.98468 0.14539 0.56929 2.90289 0.0599243 0.106496 0
1.98468 0.14539 0.56929 3.33464 0.394992 0.0920524 0
1.98468 0.14539 0.56929 4.62242 -0.131486 0.094495 0
1.98468 0.14539 0.56929 5.10079 -0.371466 0.111536 0
1.98468 0.14539 0.56929 5.58351 -0.158364 0.0569257 0
1.98468 0.14539 0.56929 5.73986 -0.0250728 0.031452 0
1.98468 0.14539 0.56929 5.88534 -0.39792 0.13502 0
2.13196 0.193 0.59907 0.0961659 0.0346211 0.0421025 0
2.13196 0.193 0.59907 0.290321 0.138849 0.0351466 0
2.13196 0.193 0.59907 0.462957 0.0495043 0.0425362 0
2.13196 0.193 0.59907 0.649409 0.110256 0.107239 0
2.13196 0.193 0.59907 1.09032 0.0711478 0.110568 0
2.13196 0.193 0.59907 1.96279 0.100978 0.133364 0
2.13196 0.193 0.59907 2.34291 0.141417 0.105085 0
2.13196 0.193 0.59907 2.63877 -0.0384936 0.107105 0
2.13196 0.193 0.59907 2.88914 0.168335 0.0899935 0
2.13196 0.193 0.59907 3.20616 0.148223 0.101312 0
2.13196 0.193 0.59907 3.56209 -0.0171806 0.10536 0
2.13196 0.193 0.59907 4.02134 -0.385581 0.177245 0
2.13196 0.193 0.59907 4.60635 -0.209154 0.121068 0
2.13196 0.193 0.59907 4.9391 -0.379335 0.100818 0
2.13196 0.193 0.59907 5.21422 -0.159063 0.0916762 0
2.13196 0.193 0.59907 5.46075 -0.223016 0.0835071 0
2.13196 0.193 0.59907 5.70971 -0.150313 0.0723849 0
2.13196 0.193 0.59907 5.87847 -0.0161398 0.0319415 0
2.13196 0.193 0.59907 6.10528 -0.0622883 0.028591 0
2.17233 0.30955 0.65431 0.14796 -0.20753 0.117322 0
2.17233 0.30955 0.65431 2.29487 0.0774096 0.158036 0
2.17233 0.30955 0.65431 2.72531 -0.0693385 0.178602 0
2.17233 0.30955 0.65431 3.39827 0.135925 0.11264 0
2.17233 0.30955 0.65431 6.14207 -0.281703 0.138635 0
2.01212 0.14351 1.09427 0.172248 -0.0800591 0.0807517 0
2.01212 0.14351 1.09427 0.415778 0.0589381 0.0682012 0
2.01212 0.14351 1.09427 0.624727 0.148787 0.136641 0
2.01212 0.14351 1.09427 4.64078 -0.207461 0.194188 0
2.01212 0.14351 1.09427 5.7651 -0.0628537 0.0790805 0
2.01212 0.14351 1.09427 5.92087 -0.110957 0.0681173 0
2.01212 0.14351 1.09427 6.1476 0.0130041 0.0870621 0
2.11878 0.20059 1.18292 0.195831 -0.0278717 0.0645323 0
2.11878 0.20059 1.18292 0.387416 0.0187117 0.0637355 0
2.11878 0.20059 1.18292 0.80181 0.128113 0.0840625 0
2.11878 0.20059 1.18292 1.16429 0.11686 0.133467 0
2.11878 0.20059 1.18292 2.60396 0.0650039 0.134623 0
2.11878 0.20059 1.18292 3.19089 0.0574452 0.124838 0
2.11878 0.20059 1.18292 4.57481 -0.0104943 0.147765 0
2.11878 0.20059 1.18292 4.97838 0.0360523 0.125047 0
2.11878 0.20059 1.18292 5.61106 0.0759827 0.0922088 0
2.11878 0.20059 1.18292 5.93761 -0.0183127 0.0483487 0
2.11878 0.20059 1.18292 6.12308 0.0083249 0.060034 0
2.64149 0.18482 0.18547 0.093743 0.0116763 0.0350254 0
2.64149 0.18482 0.18547 0.283437 0.0143155 0.0332982 0
2.64149 0.18482 0.18547 0.461664 0.0840181 0.0434986 0
2.64149 0.18482 0.18547 0.640192 0.0433752 0.086911 0
2.64149 0.18482 0.18547 1.00221 0.0786783 0.120694 0
2.64149 0.18482 0.18547 1.63675 0.253842 0.0737312 0
2.64149 0.18482 0.18547 2.22597 0.32266 0.0649086 0
2.64149 0.18482 0.18547 2.74305 -0.0113255 0.0943609 0
2.64149 0.18482 0.18547 3.31677 -0.115091 0.115246 0
2.64149 0.18482 0.18547 5.63783 -0.140645 0.112677 0
2.64149 0.18482 0.18547 5.81656 -0.059704 0.0517021 0
2.64149 0.18482 0.18547 5.99971 -0.149684 0.0396479 0
2.64149 0.18482 0.18547 6.18882 -0.0756371 0.0349169 0
2.79517 0.26154 0.21832 0.100623 0.0281924 0.0527038 0
2.79517 0.26154 0.21832 0.284997 0.0725075 0.0530535 0
2.79517 0.26154 0.21832 0.475853 0.208214 0.051634 0
2.79517 0.26154 0.21832 0.65683 0.273676 0.0521684 0
2.79517 0.26154 0.21832 0.844693 0.247133 0.0665796 0
2.79517 0.26154 0.21832 1.03623 0.257047 0.0750758 0
2.79517 0.26154 0.21832 1.22565 0.249813 0.0753929 0
2.79517 0.26154 0.21832 1.40719 0.456992 0.058722 0
2.79517 0.26154 0.21832 1.68752 0.498534 0.055594 0
2.79517 0.26154 0.21832 2.11161 0.342191 0.0685136 0
2.79517 0.26154 0.21832 2.67165 0.0419558 0.102754 0
2.79517 0.26154 0.21832 3.23786 -0.151178 0.109172 0
2.79517 0.26154 0.21832 3.88488 -0.113908 0.126171 0
2.79517 0.26154 0.21832 4.60413 -0.580404 0.154738 0
2.79517 0.26154 0.21832 5.13466 -0.373527 0.0932353 0
2.79517 0.26154 0.21832 5.5969 -0.360416 0.0838705 0
2.79517 0.26154 0.21832 5.81457 -0.364693 0.0938095 0
2.79517 0.26154 0.21832 6.00135 -0.114714 0.0628445 0
2.79517 0.26154 0.21832 6.18726 -0.255481 0.0701794 0
2.83968 0.38603 0.31448 0.098589 0.131694 0.0996674 0
2.83968 0.38603 0.31448 0.318227 0.0884076 0.105262 0
2.83968 0.38603 0.31448 0.520595 0.0388802 0.116598 0
2.83968 0.38603 0.31448 0.80964 0.207393 0.102956 0
2.83968 0.38603 0.31448 1.25886 0.0553246 0.122873 0
2.83968 0.38603 0.31448 1.85244 0.555882 0.100086 0
2.83968 0.38603 0.31448 3.83797 -0.108496 0.178505 0
2.83968 0.38603 0.31448 4.41092 0.0335076 0.175474 0
2.83968 0.38603 0.31448 5.05205 -0.226327 0.172983 0
2.83968 0.38603 0.31448 5.52833 0.0849847 0.104006 0
2.83968 0.38603 0.31448 5.88875 -0.135714 0.113728 0
2.83968 0.38603 0.31448 6.15947 0.0439917 0.103552 0
2.65531 0.18923 0.32499 0.0954499 0.14309 0.0358677 0
2.65531 0.18923 0.32499 0.289529 0.0951029 0.0340945 0
2.65531 0.18923 0.32499 0.471858 0.139608 0.0296287 0
2.65531 0.18923 0.32499 0.640881 0.153944 0.0405486 0
2.65531 0.18923 0.32499 0.851202 0.311101 0.122325 0
2.65531 0.18923 0.32499 1.74323 0.265784 0.0767745 0
2.65531 0.18923 0.32499 2.24479 0.335962 0.064942 0
2.65531 0.18923 0.32499 2.59851 -0.033104 0.099227 0
2.65531 0.18923 0.32499 2.93788 0.0856304 0.0872671 0
2.65531 0.18923 0.32499 3.4552 0.0240557 0.102742 0
2.65531 0.18923 0.32499 4.03343 -0.444091 0.166651 0
2.65531 0.18923 0.32499 4.69299 -0.12967 0.102148 0
2.65531 0.18923 0.32499 5.48769 -0.318817 0.0825189 0
2.65531 0.18923 0.32499 5.69687 -0.0442793 0.0366096 0
2.65531 0.18923 0.32499 5.86946 -0.10433 0.0317591 0
2.65531 0.18923 0.32499 6.11338 -0.0468691 0.0300341 0
2.86403 0.25362 0.36249 0.0910332 0.0785074 0.0429653 0
2.86403 0.25362 0.36249 0.283182 0.0920092 0.0460792 0
2.86403 0.25362 0.36249 0.469244 0.237835 0.0504992 0
2.86403 0.25362 0.36249 0.645123 0.179849 0.0715418 0
2.86403 0.25362 0.36249 0.901268 0.405792 0.0636323 0
2.86403 0.25362 0.36249 1.26214 0.427738 0.0609932 0
2.86403 0.25362 0.36249 1.56458 0.336794 0.075706 0
2.86403 0.25362 0.36249 1.8182 0.34717 0.0703325 0
2.86403 0.25362 0.36249 2.06575 0.155353 0.0947896 0
2.86403 0.25362 0.36249 2.37009 0.243799 0.0792064 0
2.86403 0.25362 0.36249 2.60848 -0.0841826 0.119734 0
2.86403 0.25362 0.36249 2.82718 0.0410112 0.108231 0
2.86403 0.25362 0.36249 3.08471 0.107844 0.0939725 0
2.86403 0.25362 0.36249 3.31796 -0.0159166 0.104201 0
2.86403 0.25362 0.36249 3.70666 -0.0914631 0.116625 0
2.86403 0.25362 0.36249 4.19559 -0.0687162 0.103379 0
2.86403 0.25362 0.36249 4.80952 -0.29739 0.108798 0
2.86403 0.25362 0.36249 5.58259 -0.170878 0.106107 0
2.86403 0.25362 0.36249 5.87915 -0.0327145 0.06635 0
2.86403 0.25362 0.36249 6.13525 0.00587702 0.0336685 0
2.85099 0.38222 0.47344 0.124804 -0.10564 0.102247 0
2.85099 0.38222 0.47344 0.449994 0.336631 0.0654903 0
2.85099 0.38222 0.47344 0.833037 0.219809 0.0957939 0
2.85099 0.38222 0.47344 1.39596 0.129282 0.162541 0
2.85099 0.38222 0.47344 1.97799 0.177901 0.133356 0
2.85099 0.38222 0.47344 2.52508 -0.0185757 0.177002 0
2.85099 0.38222 0.47344 3.9255 -0.316461 0.253284 0
2.85099 0.38222 0.47344 5.19226 -0.241717 0.186435 0
2.85099 0.38222 0.47344 5.75443 -0.139862 0.12032 0
2.85099 0.38222 0.47344 6.13917 -0.159634 0.0909607 0
2.62681 0.19123 0.5792 0.260415 0.15354 0.0671879 0
2.62681 0.19123 0.5792 0.484122 0.157046 0.0360082 0
2.62681 0.19123 0.5792 0.636328 0.0708785 0.0500906 0
2.62681 0.19123 0.5792 2.34263 0.231829 0.0993209 0
2.62681 0.19123 0.5792 2.89836 0.0930666 0.107961 0
2.62681 0.19123 0.5792 3.52998 -0.0268148 0.134803 0
2.62681 0.19123 0.5792 4.30172 -0.241036 0.1515 0
2.62681 0.19123 0.5792 4.7535 -0.125454 0.0935874 0
2.62681 0.19123 0.5792 5.43794 -0.136562 0.106926 0
2.62681 0.19123 0.5792 5.70276 -0.100586 0.041228 0
2.62681 0.19123 0.5792 5.85795 -0.00935985 0.0426156 0
2.62681 0.19123 0.5792 6.0753 -0.259811 0.0896178 0
2.85087 0.24859 0.62951 0.0918737 -0.034697 0.0395356 0
2.85087 0.24859 0.62951 0.278558 0.0934845 0.041578 0
2.85087 0.24859 0.62951 0.460919 -0.000849172 0.0588296 0
2.85087 0.24859 0.62951 0.791567 0.438559 0.0844896 0
2.85087 0.24859 0.62951 1.56121 0.401293 0.0930305 0
2.85087 0.24859 0.62951 2.07901 0.235735 0.0946852 0
2.85087 0.24859 0.62951 2.53156 0.136015 0.101198 0
2.85087 0.24859 0.62951 2.82112 0.10617 0.100363 0
2.85087 0.24859 0.62951 3.18485 0.0225519 0.110729 0
2.85087 0.24859 0.62951 3.61065 -0.0898755 0.117582 0
2.85087 0.24859 0.62951 4.17425 -0.12863 0.129383 0
2.85087 0.24859 0.62951 4.78224 -0.453458 0.0995028 0
2.85087 0.24859 0.62951 5.23287 -0.319984 0.105581 0
2.85087 0.24859 0.62951 5.5362 -0.12087 0.0991151 0
2.85087 0.24859 0.62951 5.76543 -0.141204 0.0731315 0
2.85087 0.24859 0.62951 5.93956 0.0147439 0.039943 0
2.85087 0.24859 0.62951 6.15556 0.00049997 0.0339391 0
2.88519 0.3905 0.74483 0.26874 0.423499 0.0679473 0
2.88519 0.3905 0.74483 0.902319 0.0775368 0.181839 0
2.88519 0.3905 0.74483 1.60688 0.674695 0.0917888 0
2.88519 0.3905 0.74483 2.19086 -0.442036 0.250849 0
2.88519 0.3905 0.74483 2.77136 -0.117168 0.194888 0
2.88519 0.3905 0.74483 3.44636 0.0988903 0.158318 0
2.88519 0.3905 0.74483 4.1111 0.34059 0.130906 0
2.88519 0.3905 0.74483 6.07162 -0.11512 0.0966181 0
2.83027 0.26062 1.28733 0.138191 0.0763109 0.0678466 0
2.83027 0.26062 1.28733 0.35245 0.0580808 0.0602879 0
2.83027 0.26062 1.28733 0.616379 -0.0637202 0.106175 0
2.83027 0.26062 1.28733 1.14835 0.0330118 0.127813 0
2.83027 0.26062 1.28733 2.50772 0.0764736 0.145416 0
2.83027 0.26062 1.28733 3.02426 -0.185095 0.13422 0
2.83027 0.26062 1.28733 3.61871 0.217827 0.119907 0
2.83027 0.26062 1.28733 4.45122 -0.392929 0.228327 0
2.83027 0.26062 1.28733 4.86438 0.0457497 0.125782 0
2.83027 0.26062 1.28733 5.3641 -0.129018 0.10996 0
2.83027 0.26062 1.28733 5.79563 0.00139381 0.0734351 0
2.83027 0.26062 1.28733 5.9887 -0.0868313 0.0516797 0
2.83027 0.26062 1.28733 6.1888 -0.044697 0.0971339 0
3.60659 0.27737 0.24022 0.0860084 0.00909785 0.0718643 0
3.60659 0.27737 0.24022 0.280645 0.0765629 0.0916151 0
3.60659 0.27737 0.24022 0.461017 -0.080779 0.12423 0
3.60659 0.27737 0.24022 0.67666 0.0938286 0.0920213 0
3.60659 0.27737 0.24022 0.964781 0.254069 0.0836062 0
3.60659 0.27737 0.24022 1.33311 0.292508 0.0675501 0
3.60659 0.27737 0.24022 1.68026 -0.0380433 0.105861 0
3.60659 0.27737 0.24022 2.1698 0.246959 0.121535 0
3.60659 0.27737 0.24022 2.85581 -0.136657 0.121891 0
3.60659 0.27737 0.24022 4.76792 -0.214695 0.152175 0
3.60659 0.27737 0.24022 5.39873 -0.312336 0.164617 0
3.60659 0.27737 0.24022 5.84219 -0.0767539 0.0920482 0
3.60659 0.27737 0.24022 6.13598 0.168548 0.0519336 0
4.07473 0.41165 0.34434 0.0944026 3.35106e-05 0.0827323 0
4.07473 0.41165 0.34434 0.281402 0.314291 0.0846564 0
4.07473 0.41165 0.34434 0.480585 0.0940388 0.0844622 0
4.07473 0.41165 0.34434 0.657211 0.226174 0.110955 0
4.07473 0.41165 0.34434 0.84655 -0.0946389 0.134426 0
4.07473 0.41165 0.34434 1.04517 0.213834 0.11108 0
4.07473 0.41165 0.34434 1.24951 0.375281 0.0765158 0
4.07473 0.41165 0.34434 1.49876 -0.0571195 0.174045 0
4.07473 0.41165 0.34434 1.82024 0.182147 0.110181 0
4.07473 0.41165 0.34434 2.23849 0.503252 0.0792938 0
4.07473 0.41165 0.34434 2.984 -0.192655 0.153734 0
4.07473 0.41165 0.34434 3.65557 -0.150663 0.197222 0
4.07473 0.41165 0.34434 4.21018 -0.141813 0.13907 0
4.07473 0.41165 0.34434 4.78599 -0.315948 0.128779 0
4.07473 0.41165 0.34434 5.19603 -0.229825 0.128785 0
4.07473 0.41165 0.34434 5.5765 -0.171718 0.128574 0
4.07473 0.41165 0.34434 5.80907 -0.203184 0.135252 0
4.07473 0.41165 0.34434 6.00468 0.0355288 0.0891898 0
4.07473 0.41165 0.34434 6.18824 0.0271083 0.107962 0
3.69382 0.27136 0.37921 0.0948156 0.0373978 0.0375787 0
3.69382 0.27136 0.37921 0.279266 0.0653471 0.0396216 0
3.69382 0.27136 0.37921 0.455702 0.0499035 0.0520882 0
3.69382 0.27136 0.37921 0.64683 0.197284 0.11106 0
3.69382 0.27136 0.37921 0.981905 0.241219 0.0742343 0
3.69382 0.27136 0.37921 1.32511 0.246178 0.0762712 0
3.69382 0.27136 0.37921 1.58708 0.249966 0.0812607 0
3.69382 0.27136 0.37921 1.96068 0.294239 0.0686309 0
3.69382 0.27136 0.37921 2.41686 0.111382 0.0970948 0
3.69382 0.27136 0.37921 2.88839 0.077052 0.0850444 0
3.69382 0.27136 0.37921 3.31259 0.0419381 0.0899197 0
3.69382 0.27136 0.37921 3.89814 -0.176937 0.129611 0
3.69382 0.27136 0.37921 4.58101 -0.160944 0.112864 0
3.69382 0.27136 0.37921 5.1002 -0.237468 0.10075 0
3.69382 0.27136 0.37921 5.69376 -0.211262 0.10007 0
3.69382 0.27136 0.37921 5.88131 -0.129254 0.0572682 0
3.69382 0.27136 0.37921 6.12989 -0.140436 0.0313996 0
4.04146 0.40174 0.5072 0.0939881 0.0498468 0.0839981 0
4.04146 0.40174 0.5072 0.28881 -0.0354157 0.0996355 0
4.04146 0.40174 0.5072 0.474413 0.282301 0.0721741 0
4.04146 0.40174 0.5072 0.686644 0.332003 0.0693032 0
4.04146 0.40174 0.5072 0.934997 0.113569 0.0978344 0
4.04146 0.40174 0.5072 1.32289 0.452099 0.0686252 0
4.04146 0.40174 0.5072 1.83509 0.276031 0.0968645 0
4.04146 0.40174 0.5072 2.32602 0.28401 0.0968227 0
4.04146 0.40174 0.5072 3.10605 0.256107 0.111466 0
4.04146 0.40174 0.5072 3.57919 0.0303533 0.138921 0
4.04146 0.40174 0.5072 4.23115 -0.148224 0.138077 0
4.04146 0.40174 0.5072 4.93317 -0.29156 0.139391 0
4.04146 0.40174 0.5072 5.56449 -0.203253 0.101796 0
4.04146 0.40174 0.5072 5.91986 -0.126303 0.113622 0
4.04146 0.40174 0.5072 6.15824 -0.0249437 0.0743658 0
3.7661 0.27722 0.64442 0.0928857 0.0734173 0.0408564 0
3.7661 0.27722 0.64442 0.286377 0.021175 0.0379933 0
3.7661 0.27722 0.64442 0.462779 0.128221 0.0397273 0
3.7661 0.27722 0.64442 0.659999 0.255115 0.0831915 0
3.7661 0.27722 0.64442 1.32135 0.450857 0.0929198 0
3.7661 0.27722 0.64442 1.93086 0.300586 0.0993069 0
3.7661 0.27722 0.64442 2.52899 -0.111614 0.106282 0
3.7661 0.27722 0.64442 3.02604 0.145767 0.100373 0
3.7661 0.27722 0.64442 3.67671 0.11351 0.116345 0
3.7661 0.27722 0.64442 4.38559 -0.229764 0.139703 0
3.7661 0.27722 0.64442 4.86209 -0.0430121 0.0939898 0
3.7661 0.27722 0.64442 5.41576 -0.287994 0.0877474 0
3.7661 0.27722 0.64442 5.76663 -0.158315 0.0499859 0
3.7661 0.27722 0.64442 5.93014 -0.121095 0.0395727 0
3.7661 0.27722 0.64442 6.14666 0.00338064 0.0347783 0
4.11629 0.40738 0.78555 0.083763 0.0484245 0.0960897 0
4.11629 0.40738 0.78555 0.274663 0.242801 0.0780425 0
4.11629 0.40738 0.78555 0.474265 0.0249318 0.10788 0
4.11629 0.40738 0.78555 0.813648 0.253094 0.0905475 0
4.11629 0.40738 0.78555 1.4513 0.115324 0.1277 0
4.11629 0.40738 0.78555 1.97419 0.0965134 0.124627 0
4.11629 0.40738 0.78555 2.43335 -0.0613049 0.158021 0
4.11629 0.40738 0.78555 2.92453 -0.00829656 0.128987 0
4.11629 0.40738 0.78555 3.5044 0.142732 0.117182 0
4.11629 0.40738 0.78555 4.13375 -0.599993 0.199453 0
4.11629 0.40738 0.78555 4.75308 -0.596868 0.197804 0
4.11629 0.40738 0.78555 5.36806 -0.228192 0.124662 0
4.11629 0.40738 0.78555 5.9578 -0.18235 0.101902 0
4.11629 0.40738 0.78555 6.18774 -0.0878935 0.0936287 0
3.7623 0.2826 1.39877 0.246333 0.130053 0.0538751 0
3.7623 0.2826 1.39877 0.458685 0.179863 0.0561623 0
3.7623 0.2826 1.39877 0.854298 -0.0336346 0.119711 0
3.7623 0.2826 1.39877 2.75832 -0.0455624 0.168256 0
3.7623 0.2826 1.39877 4.65304 -0.337294 0.167677 0
3.7623 0.2826 1.39877 5.19612 0.100837 0.10286 0
3.7623 0.2826 1.39877 5.76785 -0.313852 0.0755232 0
3.7623 0.2826 1.39877 5.92679 -0.0910101 0.0574563 0
3.7623 0.2826 1.39877 6.13343 0.0248133 0.0874726 0
4.19993 0.40779 1.65525 0.121355 -0.0031007 0.0960991 0
4.19993 0.40779 1.65525 0.418126 0.268048 0.0896413 0
4.19993 0.40779 1.65525 1.19415 -0.0239659 0.186465 0
4.19993 0.40779 1.65525 1.82937 -0.236754 0.208639 0
4.19993 0.40779 1.65525 2.436 -0.00386315 0.197044 0
4.19993 0.40779 1.65525 3.11643 0.0167206 0.172997 0
4.19993 0.40779 1.65525 3.66171 0.191874 0.12516 0
4.19993 0.40779 1.65525 4.31577 -0.457244 0.295932 0
4.19993 0.40779 1.65525 4.98574 -0.329872 0.19744 0
4.19993 0.40779 1.65525 5.58503 -0.169693 0.115958 0
4.19993 0.40779 1.65525 6.08321 -0.080988 0.0782852 0
5.84632 0.46146 0.4236 0.201558 0.0774504 0.113898 0
5.84632 0.46146 0.4236 0.518179 -0.082027 0.121923 0
5.84632 0.46146 0.4236 0.899532 0.245013 0.0922816 0
5.84632 0.46146 0.4236 1.27677 0.163176 0.107887 0
5.84632 0.46146 0.4236 1.79142 0.215279 0.0966399 0
5.84632 0.46146 0.4236 2.40283 0.00530533 0.147682 0
5.84632 0.46146 0.4236 4.95016 -0.193446 0.11681 0
5.84632 0.46146 0.4236 5.58766 -0.223748 0.104584 0
5.84632 0.46146 0.4236 6.10377 -0.0914943 0.109791 0
5.80817 0.45717 0.60841 0.304525 0.0775522 0.100394 0
5.80817 0.45717 0.60841 0.855436 0.413535 0.0694137 0
5.80817 0.45717 0.60841 1.52046 0.369131 0.0716808 0
5.80817 0.45717 0.60841 2.05598 0.349085 0.128643 0
5.80817 0.45717 0.60841 2.76736 0.029331 0.151646 0
5.80817 0.45717 0.60841 4.6774 -0.472629 0.154739 0
5.80817 0.45717 0.60841 5.26217 -0.152555 0.151916 0
5.80817 0.45717 0.60841 5.98261 -0.170389 0.13422 0
5.75753 0.43966 0.85435 0.111275 0.0513152 0.0898513 0
5.75753 0.43966 0.85435 0.443541 0.112426 0.0919728 0
5.75753 0.43966 0.85435 1.12431 0.0740115 0.141705 0
5.75753 0.43966 0.85435 1.66834 0.297 0.123774 0
5.75753 0.43966 0.85435 2.2459 -0.130885 0.200687 0
5.75753 0.43966 0.85435 3.54378 0.0112543 0.151725 0
5.75753 0.43966 0.85435 6.10577 -0.200763 0.0960178 0
5.92218 0.45029 2.12389 0.196675 -0.0462211 0.0943194 0
5.92218 0.45029 2.12389 0.628694 -0.0349884 0.144159 0
5.92218 0.45029 2.12389 1.27317 -0.162325 0.239178 0
5.92218 0.45029 2.12389 4.46427 -0.322069 0.219937 0
5.92218 0.45029 2.12389 5.05513 -0.125249 0.197941 0
5.92218 0.45029 2.12389 5.85814 -0.050524 0.0973697 0
5.92218 0.45029 2.12389 6.15582 0.239287 0.0957501 0
