id = 280
editor = KK

### Experiment

collaboration = CLAS
process = ep2epgamma
exptype = fixed target
year = 2015
reference = priv comunication
inspiretex = priv comunication
reference2 = bin averages from Melany Higuera

### Scattering Process

frame = Trento

in1particle = em
in1energy = 11
in1energyunit = GeV

in2polarizationvector = L
in2polarization = +1
in2particle = p

out1particle = em
out2particle = p
out3particle = gamma


### Observable 
# A_{UL}


y1name = TSA
y1namelong = Longitudinally Polarized Target Spin Asymmetry
y1unit = 1
y1value = column5
y1errorstatistic = column6 
y1errorsystematic = column7 



### x-axes

x1name = xB
x1unit = 1
x1value = column2

x2name = Q2
x2unit = GeV^2
x2value = column1

x3name = tm
x3unit = GeV^2
x3value = column3

x4name = phi
x4unit = deg
x4value = column4

### Data
table=
#
#  CLAS 2015 TSA
#                                                  error
#   Q2       xB        -t     phi    TSA       stat    syst
###########################################################
1.70482 0.11924 0.70807 9.39002 -0.0330118 0.0826006 0
1.70482 0.11924 0.70807 26.1076 0.123677 0.0467554 0
1.70482 0.11924 0.70807 38.5585 0.0373832 0.043933 0
1.70482 0.11924 0.70807 56.2306 0.104097 0.0807997 0
1.70482 0.11924 0.70807 158.762 -0.0468865 0.0966925 0
1.70482 0.11924 0.70807 283.326 -0.0687762 0.0902113 0
1.70482 0.11924 0.70807 315.838 0.0818363 0.0594665 0
1.70482 0.11924 0.70807 329.284 -0.0534399 0.0403024 0
1.70482 0.11924 0.70807 344.854 -0.0619937 0.0556368 0
1.92428 0.2129 0.79784 7.82146 0.0129974 0.0464091 0
1.92428 0.2129 0.79784 21.4056 0.0655673 0.0529185 0
1.92428 0.2129 0.79784 43.2145 -0.0246781 0.0912813 0
1.92428 0.2129 0.79784 104.668 0.442067 0.115981 0
1.92428 0.2129 0.79784 164.281 0.099055 0.10517 0
1.92428 0.2129 0.79784 241.86 -0.124562 0.141239 0
1.92428 0.2129 0.79784 291.857 -0.34783 0.127377 0
1.92428 0.2129 0.79784 322.304 -0.0502733 0.081232 0
1.92428 0.2129 0.79784 346.216 -0.0206719 0.029844 0
1.68406 0.11481 0.3203 15.5881 0.0875103 0.0724694 0
1.68406 0.11481 0.3203 33.3398 0.0229761 0.0468566 0
1.68406 0.11481 0.3203 46.8906 0.018288 0.0455745 0
1.68406 0.11481 0.3203 61.4391 0.144295 0.0647975 0
1.68406 0.11481 0.3203 107.988 0.133107 0.0774637 0
1.68406 0.11481 0.3203 247.388 -0.0591023 0.0779457 0
1.68406 0.11481 0.3203 299.834 -0.0683818 0.0674506 0
1.68406 0.11481 0.3203 314.25 -0.0819041 0.0424537 0
1.68406 0.11481 0.3203 332.645 -0.0484908 0.0403724 0
1.96658 0.18729 0.33239 7.83851 -0.018675 0.048485 0
1.96658 0.18729 0.33239 21.9552 0.0412149 0.0493754 0
1.96658 0.18729 0.33239 35.7655 -0.0100723 0.0725417 0
1.96658 0.18729 0.33239 68.7849 0.214967 0.104161 0
1.96658 0.18729 0.33239 130.325 0.258289 0.104638 0
1.96658 0.18729 0.33239 199.171 -0.128412 0.105785 0
1.96658 0.18729 0.33239 302.589 -0.16119 0.101804 0
1.96658 0.18729 0.33239 328.751 -0.137347 0.062988 0
1.96658 0.18729 0.33239 347.552 0.00181009 0.0374318 0
1.62846 0.1084 0.18806 10.5794 0.0737769 0.0662542 0
1.62846 0.1084 0.18806 27.6591 0.0775844 0.0541748 0
1.62846 0.1084 0.18806 42.1994 0.0200695 0.0489148 0
1.62846 0.1084 0.18806 56.6798 0.0706242 0.0534214 0
1.62846 0.1084 0.18806 71.2344 0.121102 0.0651503 0
1.62846 0.1084 0.18806 102.582 0.0519695 0.0733306 0
1.62846 0.1084 0.18806 249.508 0.0316304 0.0736079 0
1.62846 0.1084 0.18806 291.087 -0.0205259 0.0679331 0
1.62846 0.1084 0.18806 305.552 -0.153965 0.0465826 0
1.62846 0.1084 0.18806 319.666 -0.0291287 0.0478579 0
1.62846 0.1084 0.18806 340.347 -0.0538684 0.0459212 0
1.97822 0.15907 0.1985 7.7628 -0.0738233 0.0485358 0
1.97822 0.15907 0.1985 22.0286 0.0464454 0.0489307 0
1.97822 0.15907 0.1985 36.5568 -0.0442399 0.0630251 0
1.97822 0.15907 0.1985 52.1927 0.0594665 0.0911653 0
1.97822 0.15907 0.1985 91.1184 0.260585 0.0902518 0
1.97822 0.15907 0.1985 186.719 -0.0736629 0.0851754 0
1.97822 0.15907 0.1985 305.295 -0.162249 0.0960657 0
1.97822 0.15907 0.1985 322.291 -0.00962134 0.0684965 0
1.97822 0.15907 0.1985 336.927 -0.0963561 0.0529929 0
1.97822 0.15907 0.1985 352.127 -0.031526 0.0498612 0
2.89131 0.21358 0.85765 7.79442 0.0525993 0.0593838 0
2.89131 0.21358 0.85765 22.8812 0.0254765 0.0448438 0
2.89131 0.21358 0.85765 36.0851 0.0772431 0.0538014 0
2.89131 0.21358 0.85765 80.9124 0.0770604 0.0982528 0
2.89131 0.21358 0.85765 187.577 -0.0525047 0.109883 0
2.89131 0.21358 0.85765 285.363 -0.0744928 0.0968275 0
2.89131 0.21358 0.85765 319.512 -0.0875969 0.0647371 0
2.89131 0.21358 0.85765 333.464 -0.0809586 0.0410189 0
2.89131 0.21358 0.85765 348.651 0.0190893 0.0452026 0
4.01413 0.37889 1.05297 7.36101 0.104481 0.0470389 0
4.01413 0.37889 1.05297 21.8716 0.00408486 0.0605968 0
4.01413 0.37889 1.05297 38.4198 0.12436 0.0897973 0
4.01413 0.37889 1.05297 67.1407 0.0452859 0.131633 0
4.01413 0.37889 1.05297 103.317 0.55148 0.128994 0
4.01413 0.37889 1.05297 134.98 0.364849 0.123872 0
4.01413 0.37889 1.05297 173.129 0.257382 0.125509 0
4.01413 0.37889 1.05297 223.383 -0.280784 0.143994 0
4.01413 0.37889 1.05297 266.36 -0.754496 0.206021 0
4.01413 0.37889 1.05297 301.573 -0.283537 0.118767 0
4.01413 0.37889 1.05297 325.939 -0.103963 0.0861364 0
4.01413 0.37889 1.05297 347.846 -0.0181813 0.0372496 0
2.70265 0.18294 0.40095 7.71348 0.0311391 0.059878 0
2.70265 0.18294 0.40095 23.3402 -0.00237415 0.0508817 0
2.70265 0.18294 0.40095 37.3143 0.110374 0.0496662 0
2.70265 0.18294 0.40095 51.0229 0.0501781 0.0734694 0
2.70265 0.18294 0.40095 109.137 0.0707096 0.0803576 0
2.70265 0.18294 0.40095 248.567 -0.107581 0.0800721 0
2.70265 0.18294 0.40095 309.232 0.0406398 0.0719931 0
2.70265 0.18294 0.40095 323.471 -0.0752766 0.0470137 0
2.70265 0.18294 0.40095 343.54 0.022478 0.0382141 0
3.62497 0.29778 0.41792 7.33218 -0.0313335 0.0487939 0
3.62497 0.29778 0.41792 22.2104 0.0262564 0.050943 0
3.62497 0.29778 0.41792 36.9107 0.109554 0.0651506 0
3.62497 0.29778 0.41792 58.3637 0.03936 0.0920437 0
3.62497 0.29778 0.41792 95.1789 0.222235 0.0992576 0
3.62497 0.29778 0.41792 141.692 0.322772 0.096393 0
3.62497 0.29778 0.41792 208.272 -0.192398 0.103276 0
3.62497 0.29778 0.41792 287.594 -0.197415 0.100535 0
3.62497 0.29778 0.41792 320.466 -0.20367 0.0801492 0
3.62497 0.29778 0.41792 335.334 -0.0640039 0.0573777 0
3.62497 0.29778 0.41792 351.438 -0.053175 0.044596 0
2.56688 0.16542 0.22138 7.51375 -0.0234081 0.0570536 0
2.56688 0.16542 0.22138 22.8228 0.150587 0.0480106 0
2.56688 0.16542 0.22138 37.1435 0.0619284 0.0480024 0
2.56688 0.16542 0.22138 51.4048 0.0475647 0.061651 0
2.56688 0.16542 0.22138 70.705 0.0184983 0.0757255 0
2.56688 0.16542 0.22138 210.605 -0.0233431 0.0763976 0
2.56688 0.16542 0.22138 301.704 -0.0256976 0.0757007 0
2.56688 0.16542 0.22138 316.212 0.0210992 0.0513425 0
2.56688 0.16542 0.22138 330.733 -0.101066 0.0501905 0
2.56688 0.16542 0.22138 348.569 -0.0432732 0.0467143 0
3.26336 0.23598 0.24356 7.52713 0.0054608 0.044892 0
3.26336 0.23598 0.24356 22.1899 0.0953985 0.0473925 0
3.26336 0.23598 0.24356 37.0617 0.0799684 0.0601781 0
3.26336 0.23598 0.24356 53.1899 0.109086 0.079311 0
3.26336 0.23598 0.24356 86.2969 0.184 0.0820875 0
3.26336 0.23598 0.24356 191.483 -0.0648287 0.084422 0
3.26336 0.23598 0.24356 306.642 -0.145617 0.0791667 0
3.26336 0.23598 0.24356 325.624 0.0110874 0.0598534 0
3.26336 0.23598 0.24356 346.838 -0.0754461 0.0349653 0
